name,n,k,y_predict,y_true,target_cardinality,cardinality_pred,Execution_Time,ARI,AMI,NMI,Silhouette_mean
scotus,1400,13,9 1 8 2 9 10 9 1 1 12 1 9 4 1 1 2 8 2 11 1 3 2 8 1 8 1 9 7 1 8 9 8 12 9 9 1 4 7 8 8 1 1 1 2 1 1 1 2 2 2 1 2 1 3 1 10 8 1 2 1 8 1 1 5 3 1 1 9 8 1 10 8 1 1 9 5 9 2 9 1 3 1 9 9 1 1 9 9 9 8 2 3 8 4 2 1 1 1 1 2 8 7 2 2 1 1 9 8 3 1 1 2 2 9 1 9 1 8 9 9 1 2 10 8 8 9 6 1 3 2 9 9 2 8 1 1 8 9 9 3 1 8 8 7 2 10 1 3 1 1 2 3 4 2 10 4 8 1 8 5 1 1 8 9 8 3 2 1 5 9 8 1 1 1 1 9 8 1 8 2 1 12 4 8 8 9 1 3 2 4 9 2 10 2 1 1 8 1 1 1 8 1 8 1 8 1 4 8 4 9 10 9 9 10 2 12 2 1 8 10 3 2 1 9 8 10 8 3 8 1 1 9 9 7 1 10 1 8 1 2 2 6 3 4 8 9 2 1 1 10 3 7 9 2 9 2 11 2 1 8 1 5 8 2 1 8 2 2 1 9 2 9 1 9 2 1 1 8 1 3 2 1 1 3 8 1 1 8 9 1 1 1 1 12 3 8 2 1 1 10 10 1 7 4 8 9 1 1 3 2 8 1 1 9 10 2 6 4 1 10 3 2 3 1 1 3 3 2 8 5 8 8 8 9 2 5 8 2 7 1 1 6 1 8 2 1 1 9 1 1 8 1 9 3 1 2 2 1 10 3 1 2 1 11 4 8 2 9 1 1 1 8 10 1 8 4 1 12 1 1 8 10 9 2 3 7 3 8 2 1 4 2 1 8 12 12 8 2 2 2 9 8 2 2 3 1 1 1 1 10 9 1 2 9 8 8 5 2 1 1 4 9 5 8 2 2 8 8 2 8 8 8 9 2 8 1 1 2 8 2 3 8 9 1 2 1 8 1 8 9 9 2 1 1 9 8 8 5 8 1 5 3 9 3 1 1 2 6 8 2 1 8 4 4 8 2 9 11 3 12 2 3 1 10 9 2 4 9 1 11 9 2 1 1 2 1 8 3 2 6 8 1 10 1 2 8 3 2 5 1 4 1 1 9 10 4 1 1 1 9 3 2 12 1 8 1 3 2 1 1 6 1 12 2 9 4 1 2 2 9 1 2 1 12 9 1 2 2 1 1 9 6 3 9 9 1 1 8 2 8 9 1 4 10 9 11 3 2 8 1 8 1 8 9 1 1 8 1 2 4 2 1 1 1 8 2 10 3 12 1 8 8 1 1 5 1 1 1 5 1 9 9 8 1 10 1 1 8 2 9 9 8 3 9 8 1 8 8 8 9 1 1 10 1 1 2 8 8 2 1 1 10 10 1 9 3 1 2 9 9 8 9 9 6 8 8 9 2 1 4 8 8 11 9 9 10 8 1 9 4 9 10 10 8 9 8 9 1 9 8 8 11 4 1 9 9 8 1 8 8 2 2 3 2 2 3 10 2 9 7 1 10 8 2 3 2 8 8 9 9 8 9 8 8 3 3 1 4 9 2 1 8 1 9 1 4 9 10 2 8 3 3 8 1 1 9 7 2 4 2 9 7 10 8 7 2 7 9 1 2 5 1 1 1 2 1 1 4 8 2 8 9 2 1 2 9 3 3 2 3 9 10 6 10 2 4 8 8 10 2 7 1 8 2 9 7 9 9 1 9 1 8 2 1 9 2 4 2 8 9 4 10 9 3 2 8 10 1 1 3 8 8 9 8 1 2 8 8 8 5 10 2 8 3 10 2 10 2 6 8 2 8 9 9 9 7 8 9 1 8 2 2 2 4 12 1 9 8 10 8 8 1 8 10 3 9 7 2 9 9 2 9 10 3 8 8 9 9 2 9 3 12 5 8 4 8 2 8 9 8 2 12 8 9 10 9 8 9 10 3 1 1 1 9 3 8 3 9 9 5 8 9 8 1 8 9 5 9 2 9 10 8 12 2 7 1 2 8 9 2 2 2 2 8 12 9 2 2 4 2 2 6 2 10 1 8 8 9 5 1 5 8 9 12 8 8 9 10 2 8 10 12 8 2 2 2 2 2 10 2 12 10 8 9 8 8 9 2 1 9 1 8 10 2 8 9 4 8 2 2 8 12 2 8 2 2 4 2 2 11 11 2 7 12 1 9 8 10 8 3 8 9 5 12 9 9 11 12 2 8 9 13 9 2 8 10 9 9 12 7 2 8 10 10 8 8 12 3 3 8 4 8 9 3 8 2 9 1 4 10 7 9 13 2 8 8 4 8 5 9 8 8 2 8 1 1 8 9 2 9 8 4 3 10 1 3 12 9 9 1 8 8 1 9 8 3 4 8 1 1 8 1 1 2 9 4 9 2 10 1 8 8 10 9 1 10 2 8 10 2 2 1 10 9 2 2 5 9 9 1 8 1 1 11 1 1 8 3 8 1 1 8 1 8 10 8 3 2 3 8 5 11 9 3 2 10 10 3 9 8 2 8 8 3 2 1 2 2 8 1 1 2 1 9 4 3 8 2 1 8 10 10 9 8 5 9 2 8 1 8 2 9 8 3 4 8 4 1 1 9 8 2 2 2 3 2 8 9 8 1 1 2 8 6 1 2 1 3 10 9 8 1 3 6 12 9 8 8 3 2 8 12 2 1 1 10 1 3 1 1 1 1 1 1 1 1 9 1 9 9 1 1 1 10 10 7 8 1 1 1 8 9 2 1 8 1 1 1 7 3 2 4 1 1 2 1 1 8 1 3 1 1 1 8 1 4 9 1 2 1 1 2 1 1 8 1 12 1 2 1 1 1 1 1 1 1 10 2 1 1 1 6 1 1 1 2 3 6 1 8 1 1 4 1 3 8 1 2 1 1 2 1 2 1 1 1 1 1 11 1 1 1 1 1 1 1 1 2 2 9 8 3 1 12 2 1 1 8 1 8 12 8 1 6 5 2 8 2 1 8 2 5 1 1 1 9 2 10 1 2 1 1 3 1 9 9 1 8 1 12 11 9 1 8 9 1 9 1 8 1 12 10 2 1 1 8 10 12 1 13 1 8 9 2 12 8 10 1 9 10 8 8 1 1 1 1 9 1 8 9,1 4 2 9 2 7 12 1 8 8 2 12 2 9 9 1 8 3 9 1 9 1 9 2 8 9 9 8 1 8 2 2 4 9 1 1 8 8 10 10 1 2 1 4 2 1 1 1 3 8 8 12 8 8 10 12 8 1 2 8 9 9 9 8 1 2 1 8 8 2 8 8 1 1 10 9 8 3 8 4 3 1 10 3 6 1 9 3 8 2 3 5 4 1 2 9 9 1 1 1 6 9 9 10 9 2 8 2 9 1 1 1 1 8 1 12 1 12 1 11 1 1 9 8 2 2 1 2 8 9 10 1 2 8 1 2 8 3 8 11 1 2 10 11 2 12 1 10 1 1 9 3 8 7 2 10 1 1 3 9 2 1 9 12 9 1 9 5 8 8 8 1 8 8 9 8 1 1 9 3 10 3 7 9 8 2 1 3 9 10 2 9 8 6 2 1 1 4 2 8 3 1 2 3 9 1 8 2 2 2 2 9 9 8 9 11 4 1 1 2 9 1 2 9 8 10 5 2 8 1 9 5 10 6 4 8 1 1 1 9 8 2 8 12 8 8 2 1 2 8 9 2 6 12 3 10 8 10 1 8 8 8 8 10 1 8 8 1 2 4 1 9 1 3 3 1 1 5 2 2 1 1 9 8 3 9 8 2 10 9 1 1 10 8 10 9 2 1 1 8 3 1 9 3 9 8 1 9 8 8 9 1 9 2 8 8 2 8 13 8 10 9 3 1 2 3 12 1 10 10 1 2 2 11 1 4 1 10 8 1 1 11 1 2 2 9 9 8 2 9 8 9 8 2 1 12 9 1 3 8 4 6 1 5 2 3 9 3 1 1 1 8 11 1 8 7 1 11 9 1 9 7 9 8 8 8 8 12 1 2 8 8 9 2 10 8 9 8 4 10 8 9 2 10 10 1 2 9 1 2 2 1 4 7 1 1 12 3 1 9 9 5 10 8 1 9 7 2 9 8 12 1 8 4 2 1 9 4 5 9 1 12 8 1 8 4 1 1 3 2 10 3 3 1 3 8 1 2 1 1 9 2 9 12 9 2 1 8 2 9 1 4 5 2 10 12 8 8 7 5 8 1 1 8 8 1 9 12 4 9 2 3 1 5 9 2 2 1 2 8 2 1 8 1 2 2 8 1 1 8 4 9 2 10 8 10 10 4 1 8 8 8 10 1 1 2 3 10 2 1 8 4 9 2 8 3 3 5 5 3 9 10 8 1 2 1 1 9 2 1 8 9 9 11 8 9 4 8 1 2 7 1 2 8 2 9 9 8 2 8 9 9 8 2 1 1 8 2 9 8 1 4 9 1 12 8 1 8 12 2 2 9 1 1 12 2 9 1 2 1 9 3 9 9 11 2 8 7 9 9 8 1 9 8 8 1 2 1 4 1 9 1 10 2 1 9 1 2 1 13 1 4 3 1 2 2 2 7 8 7 1 1 8 2 8 3 4 8 10 2 13 8 8 9 2 2 1 10 1 4 7 2 9 8 2 1 9 1 1 9 8 8 9 8 2 2 8 9 2 2 8 1 2 4 1 8 9 1 4 3 9 2 7 1 1 6 10 2 2 2 2 2 10 10 9 10 9 12 3 1 10 10 1 9 2 1 2 1 2 3 12 8 8 9 1 2 9 1 10 1 8 9 8 3 1 1 3 10 1 1 4 1 1 1 7 2 10 1 8 9 1 3 10 1 8 1 8 1 10 1 3 2 1 8 1 5 2 3 5 2 1 1 7 1 9 9 2 8 4 12 1 1 9 4 4 1 8 10 8 10 8 8 8 1 1 10 1 7 1 4 12 3 2 1 4 8 8 3 12 1 11 2 7 6 2 9 12 9 2 8 1 1 3 1 2 11 9 2 1 3 2 2 3 2 8 1 4 10 2 8 9 2 2 8 1 2 8 1 7 7 1 3 9 9 4 5 10 2 9 9 1 9 8 2 9 2 1 2 2 4 9 3 12 4 2 3 3 3 8 10 8 1 1 10 6 10 1 8 8 9 9 2 2 9 9 1 8 3 1 12 1 1 2 8 10 1 5 10 7 1 1 1 1 3 3 5 2 1 9 9 1 1 2 8 9 10 9 1 8 8 1 8 8 2 1 2 8 2 1 5 8 12 2 2 1 1 1 1 1 8 8 2 1 4 8 2 10 8 3 8 9 9 2 11 1 9 2 3 1 4 2 11 9 8 1 1 9 10 4 8 10 8 9 8 9 2 8 8 9 4 3 3 3 2 3 8 2 10 1 1 5 2 9 1 1 2 2 1 3 1 1 1 8 8 10 8 8 1 6 4 8 1 8 5 2 8 3 2 9 8 1 1 8 12 10 1 5 8 2 8 9 10 6 1 9 9 1 8 10 9 10 2 2 1 1 3 8 1 8 1 2 8 10 8 9 10 5 1 1 1 5 1 1 1 1 1 1 1 4 1 8 3 8 2 1 8 3 11 8 1 8 9 1 8 1 2 1 2 1 9 12 9 1 8 2 1 2 8 9 1 1 1 2 1 2 2 1 9 2 9 8 8 1 1 9 10 8 4 3 4 9 3 3 3 1 1 6 9 8 10 1 1 5 9 9 5 3 9 10 9 8 8 3 2 1 2 2 8 5 8 8 3 1 10 1 2 1 1 8 3 4 9 2 4 8 9 8 8 1 3 9 1 9 9 2 1 9 1 8 9 8 1 1 1 9 2 1 1 2 1 2 9 9 1 1 9 8 2 1 1 9 1 8 1 8 2 8 1 9 9 6 8 8 9 8 10 8 9 1 5 12 1 8 8 8 1 1 8 12 1 9 2 2 1 9 6 9 7 1 8 8 9 7 8 9 1 8 8 3 1 3 8 8 9 3 1 2 8 9 1 8 1 1 1 9 9 3 12 8 8 10 10 1 10 2 2 1 2 8 8 1 1 3 1 1 8 2 2 1 1 6 8 8 8 2 1 9 1 1 9 8 2 2 2 8 1 9 9 1 1 3 8 1 8 1 1 2 1 1 1 8 9 10 2 1 9 8 2 2 1 10 2 2 1 1 1 1 3 1 9 1 1 1 2 1 2 1 8 1 2 1 8 1 1 3 6 7 2 9 2 1 12 2 2 1 1 1 2 2 8 1 2 2 1 1 1 9 6 8 8 1 1 1 1 1 4 2 1 1 4,372 222 88 51 28 17 24 260 200 83 15 37 3,372 222 88 51 28 17 24 260 200 83 15 37 3,3.155595799995353,0.0548858285454708,0.034358903482525,0.0579979832387115,-0.093005483904736
emotion,2000,6,2 5 3 4 3 4 2 1 1 3 6 2 2 1 2 5 1 1 2 5 1 2 1 1 3 1 2 5 2 5 4 2 5 6 1 3 4 5 2 4 1 2 1 1 1 4 1 1 4 3 2 2 1 2 3 1 2 5 2 1 4 2 2 1 1 1 2 1 4 1 1 2 5 1 2 2 5 4 1 5 4 2 1 2 1 2 3 3 5 2 1 2 2 3 6 2 1 3 2 4 2 3 5 1 5 2 1 2 2 4 4 4 1 1 4 4 2 5 2 1 4 6 4 2 2 1 2 1 2 2 1 1 2 4 1 2 4 1 1 4 4 1 1 6 1 2 1 2 3 1 4 1 2 4 1 3 2 4 5 1 1 1 1 1 4 4 2 5 1 1 2 2 1 5 2 2 6 4 1 3 1 1 1 5 5 1 5 5 2 4 5 3 1 4 1 2 2 2 2 1 4 3 4 5 3 2 4 5 2 6 5 1 1 2 2 3 2 1 2 1 1 6 1 2 1 2 2 1 4 1 3 4 3 1 3 1 2 4 2 5 2 4 2 1 1 4 1 4 1 3 1 2 3 1 5 2 6 3 1 1 3 1 2 1 2 5 2 2 2 5 5 2 1 3 2 1 2 5 1 1 5 5 1 5 2 3 2 5 5 1 1 5 2 6 2 2 3 4 1 2 5 1 1 2 1 4 1 1 2 2 4 1 2 5 1 2 5 2 6 2 1 2 2 4 4 4 6 2 2 4 5 5 4 2 3 1 5 4 6 2 2 2 4 6 5 2 1 2 3 6 4 1 4 5 1 2 2 3 2 2 2 4 2 1 1 5 1 1 1 1 2 6 3 5 5 4 1 5 1 4 5 1 4 2 4 5 2 4 2 4 4 3 1 4 3 1 1 1 1 2 6 3 6 2 3 2 2 2 1 2 1 2 5 5 3 4 2 2 2 3 5 5 2 5 1 2 6 1 1 1 1 1 1 1 1 2 3 2 4 2 2 1 2 4 3 2 1 1 1 6 1 2 1 2 3 4 2 4 1 1 4 5 3 1 4 1 3 2 3 3 1 4 6 2 1 6 2 2 5 4 2 4 2 3 2 1 1 2 6 2 3 5 1 1 4 5 5 1 4 1 2 6 3 2 1 1 2 2 1 4 6 4 1 5 3 1 5 5 6 2 2 2 5 1 3 2 2 4 2 1 4 1 4 2 4 1 1 5 1 2 4 1 2 1 1 1 4 1 1 4 1 2 1 4 5 4 2 1 3 2 1 2 2 2 1 3 2 4 2 5 1 1 6 4 2 1 2 2 4 4 4 1 1 1 4 2 1 1 1 2 1 2 1 1 1 2 1 2 4 1 1 4 5 2 1 4 2 1 5 2 3 1 3 4 5 2 2 1 1 1 2 3 6 4 2 1 2 4 2 4 2 3 5 4 3 2 3 5 2 4 2 2 5 1 1 3 4 4 1 2 1 4 1 2 5 2 4 4 1 5 5 4 2 2 1 4 1 2 3 3 1 2 5 2 1 5 5 2 1 5 2 5 1 4 5 2 5 2 6 1 1 2 2 1 5 1 2 1 1 2 2 5 1 1 2 4 4 2 2 5 2 4 5 5 2 1 2 5 1 5 1 4 4 2 1 2 1 2 1 4 2 2 4 2 3 1 6 5 2 2 1 2 2 2 2 5 4 3 2 4 4 2 2 2 2 1 6 2 3 5 2 2 5 4 6 2 2 5 2 1 2 1 2 2 1 2 2 4 2 6 1 3 2 4 4 1 4 5 2 5 2 1 1 1 4 5 2 2 4 2 4 1 2 2 4 1 6 1 1 2 2 1 3 1 2 2 2 2 3 2 2 1 2 1 2 1 4 2 5 2 3 5 3 1 6 2 5 1 1 6 1 2 2 2 1 2 2 2 2 3 1 1 2 4 2 2 2 6 2 6 1 2 4 2 5 3 1 5 4 1 6 6 1 2 1 1 4 2 2 2 2 2 3 2 2 4 2 2 1 1 1 3 1 4 1 5 4 4 2 1 3 5 1 4 2 1 4 4 2 6 2 2 5 2 2 2 5 2 2 2 2 1 2 1 2 3 2 1 2 2 1 2 3 2 1 1 2 4 1 2 2 1 1 1 2 2 2 4 1 4 2 1 6 1 1 5 6 2 1 5 2 5 2 2 2 4 2 2 2 2 2 2 4 1 2 2 2 2 6 5 1 5 4 1 1 1 2 2 3 2 5 1 1 3 2 2 2 6 1 2 5 6 4 5 3 5 1 2 1 2 2 5 2 2 2 2 2 1 2 2 1 1 1 4 3 1 1 1 3 4 2 2 2 2 2 1 1 2 1 2 4 2 1 1 3 2 1 2 4 3 2 3 5 4 1 2 4 1 1 1 3 2 5 5 1 4 2 2 1 3 4 5 1 1 1 1 3 3 2 1 2 3 1 3 1 1 2 1 2 2 1 2 2 2 2 3 2 2 4 1 2 6 4 1 4 5 2 2 4 3 3 2 2 3 1 5 4 5 1 2 2 1 5 1 5 1 1 4 2 1 4 2 3 1 5 2 2 2 1 1 2 2 2 2 2 2 2 2 4 3 5 1 5 2 5 3 5 2 4 2 5 1 2 2 1 2 3 2 2 5 5 2 5 4 1 2 2 1 2 5 5 1 2 1 5 2 1 1 1 2 2 4 2 2 1 2 1 5 2 4 3 2 2 2 1 2 6 5 2 1 5 1 1 1 5 3 1 5 2 1 2 2 1 2 2 1 2 1 6 1 5 3 1 5 1 4 3 2 2 1 1 2 4 2 2 1 2 5 1 2 1 3 2 2 3 5 5 2 1 6 5 2 3 5 1 4 5 2 1 1 4 4 1 5 1 2 1 1 5 2 2 2 1 2 4 1 4 2 2 5 1 5 1 4 2 5 4 2 2 1 4 3 2 2 1 1 1 2 4 4 4 5 4 2 2 2 3 1 1 2 3 2 4 5 1 2 2 1 2 1 2 1 2 4 1 6 2 4 1 1 4 2 1 1 1 2 2 2 5 1 1 1 1 1 5 3 4 1 1 2 3 1 2 2 4 2 4 3 3 5 3 5 2 1 4 2 1 4 1 2 4 2 2 5 1 2 1 1 4 3 2 6 5 4 1 2 1 2 2 1 2 1 5 1 5 1 2 4 3 2 2 4 2 4 2 1 1 2 5 2 5 1 1 5 2 2 5 2 1 4 4 2 4 1 1 2 1 4 1 3 1 1 3 4 2 1 5 4 5 1 2 4 2 1 2 2 3 4 3 1 3 5 1 3 2 1 1 3 2 1 1 1 1 2 1 2 5 1 1 1 1 5 5 2 5 5 1 4 3 5 5 2 3 5 6 5 2 2 2 2 1 4 4 1 1 2 1 1 1 1 2 2 1 1 1 1 1 1 4 1 5 1 2 1 2 2 1 4 4 2 1 2 1 2 4 4 1 5 3 1 1 2 2 5 5 3 2 5 4 4 2 1 2 1 4 3 2 5 2 5 4 1 1 1 2 2 2 1 2 3 2 2 1 2 5 2 1 4 3 2 1 1 2 1 1 3 1 4 1 2 3 2 4 2 2 1 4 2 1 1 2 1 6 1 5 1 4 4 3 2 1 1 1 1 2 1 1 1 2 2 2 6 2 2 2 2 3 1 5 2 2 2 6 6 2 2 2 4 2 1 3 2 2 2 1 6 6 2 5 2 3 4 1 5 2 2 1 4 2 2 1 1 4 4 1 4 2 2 2 2 1 1 2 2 5 1 1 1 1 1 2 1 1 2 5 5 2 2 2 2 1 2 1 5 2 4 5 3 2 3 2 5 2 2 4 2 2 1 2 2 1 2 4 4 2 4 2 1 1 3 2 3 4 2 2 2 4 4 2 1 2 2 4 1 5 4 4 2 2 4 2 2 5 2 2 5 1 1 1 6 6 2 1 1 2 2 5 5 2 2 2 2 1 3 2 1 1 1 2 1 1 2 1 2 2 2 1 5 1 1 5 2 1 2 4 1 4 4 2 5 1 3 5 3 2 5 1 1 3 1 2 4 5 1 3 5 2 1 2 1 1 4 4 2 2 2 2 2 6 1 5 4 2 2 1 2 2 2 2 4 1 3 3 1 2 1 4 1 5 2 4 4 6 4 2 2 1 2 4 2 4 1 2 2 4 1 2 1 2 2 3 4 2 5 4 1 2 3 2 2 1 2 2 2 1 2 4 2 1 1 2 4 3 2 2 2 1 1 2 1 4 1 2 1 1 1 4 1 3 3 2 2 2 1 2 1 1 2 4 5 6 2 4 2 6 3 2 4 1 3 2 2 1 2 1 2 2 2 1 5 4 2 2 2 2 1 4 2 2 1 2 1 4 1 4 1 2 1 2 1 5 4 3 5 2 4 4 2 6 2 4 2 2 3 2 2 3 1 4 5 2 4 2 4 1 4 1 3 2 2 2 3 2 1 1 5 2 2 1 2 4 1 2 1 5 2 1 1 1 2,1 1 1 2 1 5 4 2 2 4 5 1 5 2 3 1 2 1 4 2 1 2 2 1 1 5 4 1 5 4 5 4 1 4 1 2 2 1 2 2 4 1 2 1 2 4 2 2 5 5 1 5 2 1 2 1 1 2 1 4 1 1 2 2 1 6 1 4 5 6 2 3 6 2 3 4 2 1 2 3 2 4 1 2 1 1 2 2 2 1 2 5 4 5 4 4 3 1 4 1 1 1 1 5 4 4 2 2 5 1 2 3 5 2 1 2 2 5 1 2 1 2 1 4 1 3 1 5 1 1 2 3 1 4 4 2 5 4 1 2 2 1 5 2 2 1 2 5 5 3 1 3 6 1 2 1 2 2 4 1 4 4 2 5 5 2 3 3 3 1 3 4 2 2 1 4 2 2 1 1 5 2 1 3 5 1 2 2 5 4 2 1 2 4 1 1 5 5 2 2 2 3 3 2 2 2 3 5 5 2 4 1 2 5 2 1 4 1 4 4 2 5 6 2 2 2 4 2 3 5 1 1 2 2 5 2 1 2 1 2 1 3 5 2 1 1 1 4 2 6 1 1 1 4 3 1 2 2 1 4 4 4 2 4 4 3 2 2 4 1 4 4 5 1 4 1 2 5 4 1 2 1 1 2 2 2 3 1 2 2 6 5 3 1 3 5 4 1 1 4 2 4 3 3 2 5 4 3 5 5 2 1 5 2 1 4 3 6 4 5 1 1 1 2 1 1 3 4 1 1 5 1 1 3 1 2 1 2 2 1 4 3 6 2 2 2 2 5 5 2 1 1 1 2 2 3 3 1 1 2 4 1 1 4 2 2 3 1 4 3 1 2 2 4 2 1 2 1 4 1 5 4 6 5 2 4 4 5 2 1 1 3 1 1 5 1 4 2 1 5 5 2 6 1 3 2 2 1 2 1 5 4 2 2 4 2 5 1 4 5 2 5 5 2 1 2 1 2 4 5 4 1 5 5 5 1 2 4 4 1 2 6 4 1 1 2 1 1 2 4 1 4 1 1 5 1 2 5 2 4 5 2 1 1 1 2 3 1 1 6 5 1 2 2 4 2 1 4 2 5 1 1 4 2 2 1 5 4 2 2 2 1 2 5 2 2 2 1 2 5 4 4 4 2 2 2 1 4 1 1 2 2 2 3 5 2 2 2 4 2 3 1 5 4 2 1 5 1 4 3 2 2 2 2 2 3 5 4 2 1 2 2 2 6 1 4 2 2 2 1 2 1 6 1 2 2 1 4 2 2 2 4 1 2 4 1 1 1 1 2 2 1 2 1 3 3 2 4 5 2 2 2 1 2 1 5 1 1 1 2 5 1 1 3 1 3 6 2 1 5 1 4 1 4 4 1 2 2 3 2 4 1 2 6 3 3 1 2 2 2 1 3 2 5 4 6 5 3 2 3 3 2 5 2 1 2 2 2 2 2 2 1 2 3 2 2 2 2 4 1 3 2 1 2 2 2 1 4 5 2 4 1 4 1 4 4 5 1 5 1 3 6 2 2 2 2 4 1 2 1 1 6 2 1 1 5 1 5 1 1 1 1 5 1 5 2 1 5 4 2 4 2 1 1 1 6 2 2 2 1 1 4 1 3 5 3 2 5 4 2 2 5 2 2 4 1 5 1 2 2 2 1 1 2 1 3 1 5 4 4 2 2 2 1 2 2 3 2 1 1 1 2 2 1 5 1 2 4 2 2 2 2 4 2 1 3 3 4 1 4 2 2 4 2 1 2 1 1 2 2 5 2 2 4 1 2 2 2 2 2 2 1 5 2 2 6 1 2 1 2 2 2 3 1 1 2 1 1 2 1 4 1 2 6 2 2 4 1 1 2 6 3 4 4 5 2 1 1 5 1 5 2 5 3 5 1 4 1 1 1 2 1 2 2 6 2 1 1 5 2 1 1 2 2 1 1 1 2 1 2 1 5 1 4 2 1 1 2 1 3 2 5 1 1 2 6 1 2 2 6 5 4 1 5 1 2 3 1 3 2 3 2 4 2 3 3 2 2 1 2 4 2 5 2 1 4 1 4 1 3 1 2 1 2 2 1 5 2 1 1 2 1 4 3 4 2 1 5 2 2 4 2 1 4 2 1 3 4 2 2 2 5 5 1 1 6 1 1 2 1 1 2 2 1 5 2 2 3 2 3 3 1 1 2 2 1 2 4 4 6 4 2 2 4 1 2 4 5 3 4 2 1 3 1 4 3 2 2 2 1 1 1 3 2 3 5 6 2 2 1 2 2 4 2 4 2 5 4 1 2 5 2 2 3 1 3 1 3 5 2 1 4 1 2 5 4 1 5 2 1 2 4 1 4 1 2 2 1 5 2 5 2 2 1 2 1 4 2 6 6 2 6 2 4 6 2 1 2 1 3 1 3 5 2 3 1 2 4 2 2 6 1 3 2 4 1 1 2 4 4 1 3 4 3 1 4 1 2 1 2 5 4 3 1 1 5 1 4 1 4 6 4 1 1 5 2 1 2 5 4 1 3 5 4 2 1 2 3 1 4 1 4 2 3 1 1 2 1 2 2 4 1 2 5 1 1 2 1 4 2 2 4 2 1 4 2 3 2 2 4 1 1 2 1 2 1 2 2 4 2 2 2 5 2 4 2 1 1 5 2 2 2 5 5 2 1 2 4 3 2 5 6 2 2 4 6 1 6 1 1 4 1 1 1 3 1 1 1 5 2 4 1 6 1 1 6 2 3 1 2 2 1 1 1 1 2 3 2 2 2 2 2 1 1 1 1 2 1 2 2 2 2 4 2 6 4 1 1 1 2 6 1 1 1 2 3 1 2 2 1 1 2 4 6 1 2 5 4 5 1 2 5 2 1 2 2 5 2 2 2 2 2 2 6 2 6 2 2 5 5 2 4 4 2 1 1 2 5 1 4 1 2 1 1 5 1 5 1 1 4 4 3 2 2 1 5 6 2 6 2 2 2 5 2 6 2 2 2 1 4 4 5 5 2 2 5 1 4 2 1 2 2 2 3 1 1 2 1 1 1 3 1 2 2 1 2 3 3 2 5 2 2 4 2 4 5 2 2 3 2 2 2 2 2 5 1 1 5 1 2 3 4 1 2 1 1 4 3 1 2 2 3 6 1 5 2 3 3 2 2 2 2 2 1 6 3 1 4 5 4 2 4 3 5 1 4 2 2 2 5 2 2 5 4 1 1 2 2 2 4 5 5 1 1 4 5 4 2 2 2 1 1 2 1 2 1 3 1 1 1 2 5 5 1 2 5 1 2 2 2 2 6 4 1 2 1 1 2 3 2 2 2 1 3 5 6 2 5 2 5 4 1 2 2 1 1 3 5 3 2 2 2 1 1 4 6 2 2 3 1 2 4 5 2 1 2 5 3 2 4 2 2 2 1 1 1 2 4 5 5 4 1 2 3 2 2 2 5 2 1 2 1 1 4 3 2 2 1 5 2 4 5 2 4 5 4 2 2 2 2 1 3 4 4 2 3 1 1 1 2 2 1 5 2 1 1 4 1 2 2 1 5 2 5 1 4 2 1 2 1 4 3 5 2 1 5 5 5 1 2 1 1 1 2 4 2 4 1 3 2 2 4 3 1 2 1 1 2 4 6 1 2 4 1 2 1 5 2 2 5 5 2 4 2 2 1 4 2 5 2 2 1 1 2 5 4 4 1 4 4 2 1 5 5 6 2 2 6 2 2 2 4 3 5 1 1 2 2 2 4 3 1 2 5 4 5 2 5 1 1 1 1 2 1 1 1 1 4 1 1 2 2 2 5 2 4 1 5 4 1 3 4 1 2 3 3 2 2 2 2 1 4 2 2 2 4 1 1 1 4 2 3 1 2 1 2 1 2 2 3 4 2 4 1 3 1 5 2 5 2 1 6 2 4 2 4 2 2 1 2 4 3 3 2 6 5 5 4 4 3 5 4 1 5 1 3 2 5 4 1 2 1 1 2 2 1 3 2 2 1 5 2 5 2 2 3 2 2 1 2 2 1 2 2 6 6 2 2 1 1 4 1 2 4 5 5 2 1 5 1 1 6 1 2 4 1 1 6 1 2 2 2 1 1 1 1 1 2 5 4 5 5 1 1 1 2 1 2 3 4 1 1 2 4 2 2 2 1 1 5 2 2 4 3 2 4 3 1 1 2 2 1 2 2 3 2 1 2 2 3 2 3 2 5 2 1 4 2 4 2 1 2 4 2 1 1 2 1 4 2 2 5 2 2 5 2 4 5 1 1 2 1 2 2 1 2 1 2 2 3 4 2 4 1 2 1 1 1 2 3 1 1 3 1 2 1 1 4 1 4 2 6 5 4 2 2 2 4 1 1 2 2 1 1 2 6 1 1 5 4 1 2 1 2 2 5 3 1 4 2 1 2 5 1 2 3 4 1 1 2 1 2 5 2 1 1 2 6 2 2 1 3 2 2 1 1 2 2 1 3 3 2 2 2 4 5 2 1 1 4 1 4 4 1 4 2 5 1 1 1 3 3 4 4 1 4 4 2 2 5,581 695 159 275 224 66,581 695 159 275 224 66,3.341508999998041,-0.0041499056157971,0.0014657578040687,0.0055406322901575,-0.0679922094480744
bbc_news,2119,5,2 3 5 3 3 1 5 2 1 4 3 5 5 3 4 2 3 2 2 2 2 2 5 1 4 4 3 3 2 3 5 3 2 1 1 2 3 5 2 3 5 1 5 2 5 2 2 2 2 5 2 3 4 2 5 5 5 1 2 4 3 4 3 3 3 5 5 5 2 2 4 5 5 2 5 2 4 4 1 1 4 2 2 3 3 4 2 1 2 5 3 2 4 4 3 2 4 3 4 5 3 4 3 5 5 5 2 3 5 5 2 1 1 5 1 5 2 3 3 5 4 5 4 3 1 3 4 5 1 3 4 4 4 3 5 1 3 4 4 4 1 3 2 5 2 2 2 3 3 2 2 2 5 4 4 2 3 1 5 3 4 2 5 5 5 2 4 5 4 3 3 1 5 1 1 1 5 3 2 3 2 2 5 3 5 4 1 4 5 5 2 2 2 4 1 2 3 1 1 2 3 2 3 5 3 2 3 5 3 3 3 1 2 5 1 3 5 5 1 1 4 1 4 5 1 5 1 5 5 1 4 5 3 3 1 3 4 1 1 1 5 4 4 4 3 2 4 4 3 3 4 1 4 4 3 3 4 1 5 3 2 2 1 4 3 4 5 1 2 2 5 4 2 5 1 2 2 4 2 2 1 4 3 1 3 3 2 1 2 2 4 2 5 5 2 4 4 2 2 3 3 2 2 4 2 2 5 1 5 2 4 1 5 4 3 1 3 5 3 3 5 5 2 1 3 5 4 2 3 4 3 4 4 1 1 3 3 5 3 4 2 1 5 1 2 3 4 2 2 2 1 3 5 3 4 4 5 1 2 2 2 3 5 3 1 4 3 5 1 1 5 3 1 3 3 2 5 3 3 5 1 3 2 3 1 4 3 3 1 2 5 1 4 2 1 4 2 2 2 3 4 3 2 5 3 5 1 2 2 5 1 5 5 5 3 4 4 4 2 3 3 4 4 1 2 3 2 1 2 5 5 2 5 2 2 4 4 3 5 4 3 3 3 2 2 1 2 2 3 2 3 5 5 1 3 5 1 2 2 1 3 1 3 1 4 5 2 1 3 3 3 4 4 1 2 3 3 3 2 5 4 1 2 3 4 4 1 3 1 1 5 5 2 2 4 1 3 4 2 3 2 4 4 3 3 2 4 5 5 2 3 3 5 4 5 5 3 1 3 3 3 2 2 5 4 1 4 4 1 2 4 5 2 2 5 4 1 2 3 3 4 3 1 3 4 4 5 2 2 2 4 5 1 2 3 1 2 2 5 5 5 3 2 1 1 4 2 2 4 3 4 5 2 5 1 1 5 4 1 3 1 1 5 2 4 5 1 3 3 2 2 3 4 2 3 4 1 4 5 4 2 5 5 2 3 1 3 4 2 3 3 4 1 4 5 1 4 4 2 1 2 3 1 1 4 3 2 2 4 5 2 2 1 5 2 2 3 1 1 2 3 4 3 1 1 2 3 1 1 3 2 3 2 2 5 4 4 3 3 4 3 5 2 1 3 3 3 4 4 5 1 5 4 3 4 1 4 5 3 1 3 4 3 3 1 5 5 4 2 3 5 2 4 4 4 3 3 5 2 1 4 4 5 2 2 1 3 5 2 1 4 5 1 4 5 5 1 1 4 4 1 2 2 4 1 3 1 2 3 5 3 5 4 3 1 2 4 4 2 2 3 3 3 5 4 3 3 5 4 1 5 3 4 4 2 4 3 3 4 3 3 2 5 2 2 4 3 1 4 4 3 2 4 5 3 4 1 4 2 2 4 2 3 4 2 2 4 2 5 2 1 2 2 5 4 2 5 3 3 5 1 1 2 4 3 2 3 5 5 4 5 4 3 4 2 3 2 2 4 2 1 1 3 2 3 3 1 2 4 5 2 3 1 2 3 4 2 3 1 3 2 3 3 4 2 2 4 3 3 1 5 5 5 5 3 1 3 1 2 2 1 5 4 1 3 2 5 1 1 5 2 5 2 3 1 3 2 2 1 1 1 5 4 5 5 4 5 3 5 3 1 2 2 2 2 2 1 2 3 3 2 5 5 1 3 2 2 3 5 1 4 1 2 2 5 2 3 2 4 1 1 4 3 4 5 4 2 5 3 5 1 2 3 5 2 5 3 5 4 4 5 1 2 4 1 5 1 3 4 5 1 4 2 2 2 2 3 3 4 2 2 4 2 1 5 5 5 2 3 2 3 5 1 4 1 1 4 3 4 4 2 1 2 1 4 5 2 3 2 5 2 2 1 5 2 1 1 5 2 2 5 2 3 1 3 2 1 5 3 5 4 2 4 1 3 5 5 3 3 2 1 3 3 5 3 1 2 2 2 1 2 3 5 3 4 1 1 4 4 5 3 2 4 3 2 1 2 2 3 2 3 2 4 4 5 2 5 3 2 3 4 5 2 3 1 3 4 4 3 5 2 5 3 2 2 4 4 3 4 1 2 2 5 4 2 1 1 3 3 1 3 1 1 5 3 3 4 3 5 3 1 3 5 5 4 2 4 4 2 1 5 5 5 5 2 2 1 5 4 5 4 3 1 1 5 2 5 1 2 2 2 1 4 1 1 4 1 2 3 4 4 3 2 3 5 2 5 4 2 1 4 3 2 4 2 3 2 1 4 4 5 4 5 3 4 2 2 3 3 2 2 2 4 5 3 5 2 3 5 2 5 1 3 2 1 5 5 3 4 2 1 4 1 2 3 4 3 3 1 5 2 3 1 1 3 4 1 5 1 2 1 2 4 4 4 2 2 3 2 3 2 3 3 2 3 5 5 3 2 2 1 5 2 2 2 3 2 4 5 2 3 2 3 3 5 2 3 3 3 3 1 1 1 5 4 4 2 1 1 2 2 5 1 4 3 1 2 2 5 2 3 1 3 5 3 3 4 2 5 3 4 2 1 3 5 5 3 3 2 2 1 1 3 5 3 3 2 1 3 4 5 4 5 4 1 1 3 1 5 5 3 5 4 2 1 5 4 2 4 5 2 4 2 2 4 3 5 2 3 2 4 3 2 1 4 1 3 1 2 3 5 5 1 1 5 5 4 5 2 3 4 4 2 2 3 3 3 2 2 3 3 4 5 4 5 3 2 1 5 1 2 4 4 5 1 3 2 5 3 1 5 3 2 3 2 3 3 5 3 3 3 3 5 4 2 3 2 3 2 5 5 2 1 3 3 4 4 2 2 2 1 3 4 3 5 3 3 3 4 4 2 3 2 4 3 4 5 1 1 1 4 2 5 2 4 3 3 5 5 3 2 3 1 2 2 3 2 4 3 2 1 3 1 5 4 5 1 4 5 3 5 4 1 5 3 4 1 5 3 1 2 5 1 4 1 3 5 2 2 3 1 4 5 3 2 3 3 3 2 3 1 3 3 2 2 3 2 3 4 3 5 3 3 2 3 1 4 3 4 5 3 4 4 3 2 2 4 2 2 5 1 4 5 3 2 4 5 2 2 5 4 3 2 2 3 5 5 2 5 1 1 4 1 3 1 1 5 4 3 3 4 3 3 4 1 2 1 1 5 4 5 3 5 3 1 1 5 2 5 3 3 5 2 2 5 2 4 5 3 4 1 5 4 3 1 3 5 5 1 1 5 2 2 2 1 4 1 4 5 1 2 5 2 5 4 5 2 2 5 2 2 2 5 3 2 5 5 5 2 3 4 5 1 1 2 2 5 3 2 2 2 2 3 3 4 3 1 5 2 5 5 5 5 3 2 3 3 5 5 2 4 5 5 5 3 3 4 3 3 1 4 3 5 1 5 2 4 4 4 5 5 3 3 4 2 2 2 2 3 5 3 5 4 1 3 2 5 5 1 3 2 1 2 5 3 5 4 2 5 4 2 5 4 5 1 4 3 3 2 2 2 2 3 3 2 4 3 2 5 5 1 2 3 2 2 3 1 5 4 4 3 1 1 2 3 4 4 5 5 1 5 1 3 2 5 4 2 3 1 2 5 2 4 3 2 1 3 4 3 1 1 4 2 1 3 3 1 4 3 5 5 5 1 5 1 3 1 3 3 1 4 2 3 5 4 2 4 1 3 4 4 4 3 4 1 2 5 1 1 4 5 2 3 2 2 1 3 3 4 2 4 1 3 1 4 1 3 2 5 5 5 3 2 2 2 5 3 5 5 1 5 2 4 3 3 5 5 2 5 4 5 3 4 1 1 5 3 3 3 3 2 1 2 2 5 2 4 4 3 3 2 2 1 3 4 5 4 3 3 3 4 2 5 2 1 3 3 3 2 5 2 3 1 1 2 1 1 2 4 3 2 5 3 2 3 3 5 2 5 3 5 5 1 2 4 2 3 1 4 1 1 1 2 3 1 3 3 4 3 3 1 1 2 5 5 2 3 5 3 1 3 4 4 3 4 4 2 5 2 2 4 3 3 2 3 5 1 5 2 2 1 5 1 3 5 4 3 4 3 4 4 4 5 3 2 4 5 3 5 4 5 2 2 3 1 5 5 3 5 3 5 3 2 3 3 1 2 1 4 5 1 2 2 5 2 2 5 2 1 4 1 4 2 5 3 2 2 4 5 5 4 2 4 1 3 4 5 1 3 5 3 1 3 5 2 4 3 2 4 4 2 2 2 3 3 5 5 2 2 3 2 5 3 2 3 2 3 2 3 3 3 3 3 2 4 4 4 4 2 4 4 4 1 2 2 4 3 2 5 3 2 5 2 3 1 5 4 5 3 2 3 4 1 2 1 3 2 3 5 3 2 1 2 4 1 4 4 3 3 5 5 3 1 5 2 3 1 5 5 2 4 5 1 2 1 2 2 4 3,3 2 4 2 1 5 4 4 5 2 1 1 1 3 4 1 3 1 2 4 5 2 1 3 2 1 1 3 2 3 4 5 3 5 3 5 3 4 2 5 3 4 3 2 3 4 3 4 3 1 1 5 1 2 2 4 3 3 3 2 5 2 1 4 2 3 5 1 3 5 4 4 2 1 2 1 4 1 4 1 3 1 5 5 2 2 1 3 3 4 2 4 1 5 1 3 1 2 4 1 3 4 2 2 1 2 2 5 1 4 1 3 5 1 3 2 4 2 4 4 2 4 3 3 4 4 4 4 3 2 5 3 2 3 4 5 3 3 2 4 3 3 5 4 1 1 5 1 3 4 4 3 1 4 5 3 3 5 1 2 4 4 2 4 1 3 4 1 4 4 2 5 2 5 5 3 1 2 5 4 4 2 2 1 1 2 5 1 4 2 1 3 4 2 4 5 4 5 4 5 5 3 2 2 5 5 1 1 2 2 5 3 5 1 3 5 2 3 4 3 3 5 2 1 3 1 4 4 2 1 2 2 1 2 3 4 3 4 3 5 2 2 1 2 4 5 4 3 3 3 1 3 1 2 4 1 5 5 2 5 5 1 5 1 3 2 2 3 5 5 4 4 5 1 1 1 5 3 2 4 5 3 1 5 5 4 3 4 4 4 5 4 2 1 5 1 4 3 4 1 3 5 4 3 5 3 1 5 2 1 2 5 4 5 2 4 2 2 1 2 1 2 5 5 5 1 5 1 2 3 3 4 2 5 3 1 3 3 4 2 3 3 2 5 5 2 2 3 3 1 3 2 4 3 2 2 1 5 3 4 5 3 3 2 3 4 2 1 3 3 2 5 5 1 3 5 2 3 3 2 5 4 3 3 3 2 3 4 1 1 3 5 5 1 1 5 2 5 4 5 3 3 3 1 2 3 5 3 3 4 4 1 2 3 2 1 4 2 2 4 2 4 4 5 2 4 5 5 2 1 2 1 3 3 1 5 2 1 2 2 1 1 1 3 3 3 2 2 3 2 4 3 5 5 4 4 3 5 3 2 2 2 2 5 1 4 5 5 1 1 3 1 1 3 3 1 5 4 2 3 3 5 5 5 2 5 4 2 5 3 2 4 3 5 3 3 1 2 3 3 3 2 4 2 2 3 4 2 5 4 3 3 2 2 2 2 5 3 1 1 1 4 3 2 5 5 5 4 3 1 3 1 4 3 4 1 3 1 2 4 5 4 3 3 4 5 3 1 2 3 1 2 5 3 3 3 5 2 1 3 4 2 3 5 5 2 3 3 1 2 2 2 3 1 4 5 2 3 5 2 5 1 3 3 3 3 5 5 5 3 2 3 3 2 2 5 5 2 3 3 5 1 1 1 2 1 2 2 2 2 5 2 5 2 2 1 4 4 5 3 4 2 5 5 1 3 5 1 2 2 2 2 2 3 5 5 4 5 4 3 1 2 3 3 5 2 3 5 1 2 5 2 3 1 2 4 2 2 1 2 2 3 3 1 4 2 2 3 4 1 1 2 5 4 5 1 2 2 3 5 2 2 2 5 3 2 4 2 2 4 3 5 2 2 1 2 2 1 5 4 2 4 2 4 4 2 1 2 3 3 3 1 4 2 3 2 4 4 3 2 2 1 4 2 3 4 1 3 1 2 3 4 5 1 3 5 2 2 4 1 3 5 1 1 2 1 3 1 4 5 2 3 1 1 2 2 4 3 1 4 2 5 3 3 1 2 5 3 4 5 2 4 2 2 1 2 5 4 2 4 3 3 5 5 5 2 2 5 2 4 3 5 5 2 5 3 2 3 1 3 3 5 5 5 1 5 4 2 2 2 4 2 2 1 4 3 3 1 2 4 5 1 1 5 5 2 5 4 2 1 5 3 5 5 3 2 2 2 3 5 4 2 5 3 3 3 5 2 4 5 5 2 4 1 1 5 3 5 5 5 4 1 1 5 1 2 1 5 4 2 5 3 4 3 4 2 1 3 4 4 3 4 2 2 2 3 2 3 3 4 5 3 5 5 2 3 5 3 5 4 5 1 3 3 3 3 4 2 2 3 4 3 3 1 2 5 2 4 3 5 5 4 3 2 2 2 3 3 4 5 5 2 5 1 1 3 3 3 5 1 2 4 3 2 3 3 5 3 4 5 4 3 2 5 1 3 4 4 2 4 5 2 2 5 3 3 5 3 2 5 3 2 3 5 5 5 1 5 3 4 2 5 4 5 1 3 5 2 4 4 5 2 5 1 4 5 3 4 5 1 2 3 5 5 2 2 4 2 3 3 2 4 2 3 4 2 1 4 1 2 5 1 4 4 1 3 4 2 5 5 5 1 1 3 2 4 5 3 5 2 1 4 3 5 5 3 5 1 3 2 3 3 2 2 3 2 4 5 5 4 2 1 2 3 5 3 2 2 2 1 3 4 1 3 4 2 1 1 3 3 2 5 3 5 4 3 3 1 4 5 5 4 5 2 3 5 2 4 2 2 5 4 4 1 4 3 4 1 4 1 2 2 1 4 5 2 5 1 1 2 2 4 3 3 5 3 2 1 1 4 4 5 4 4 4 5 5 4 5 2 2 4 4 2 1 4 3 1 2 5 3 2 1 3 5 3 3 1 3 2 1 2 3 4 5 5 2 1 2 3 4 1 4 4 4 3 3 3 2 4 2 3 5 3 5 2 1 3 2 5 4 3 2 5 3 2 3 2 5 5 3 4 4 4 4 4 3 2 4 4 5 3 2 1 2 2 2 3 4 2 3 1 4 3 3 1 1 2 4 4 5 2 1 1 3 3 2 3 2 3 1 2 3 2 4 4 2 3 4 4 5 3 5 4 3 1 4 3 5 1 3 1 3 2 3 5 3 4 1 4 4 3 1 1 2 3 3 5 1 2 2 3 2 4 1 2 4 1 5 3 5 1 1 2 4 3 1 3 2 4 1 4 1 2 4 5 5 4 2 2 1 3 1 3 3 1 2 2 2 5 4 2 5 5 1 2 4 5 3 2 2 3 1 5 5 3 1 1 3 2 1 1 5 4 1 2 2 1 5 5 2 3 3 4 3 4 3 2 3 2 3 2 2 3 5 3 4 5 2 5 4 4 4 4 3 2 1 1 1 3 3 3 4 1 2 2 4 2 2 4 3 3 2 4 2 3 3 4 4 5 3 4 3 2 3 2 3 5 3 3 3 3 5 5 2 3 3 1 2 3 3 2 2 2 3 3 1 5 2 3 2 3 2 4 4 2 2 1 2 3 2 5 4 5 4 4 4 3 1 3 3 5 4 2 2 2 5 3 4 3 2 3 4 1 3 4 3 1 2 4 5 4 1 3 1 3 3 5 2 1 1 3 2 5 5 2 1 4 3 5 5 4 5 3 3 5 5 2 4 2 2 4 2 5 4 5 1 1 5 1 1 1 2 1 2 4 5 1 2 1 5 2 3 3 5 1 3 2 5 2 1 5 4 3 2 1 1 3 2 5 3 2 4 4 5 5 4 5 2 2 3 4 3 4 4 4 2 5 2 4 3 4 2 3 5 1 4 4 4 5 2 3 1 4 4 4 2 2 4 2 3 3 5 5 4 4 2 2 3 5 1 4 5 5 3 3 5 2 4 5 4 1 3 2 1 1 5 2 1 2 4 1 3 2 4 3 2 5 3 3 4 3 5 4 1 5 2 2 2 3 4 1 2 5 2 2 3 4 2 4 4 1 2 2 1 3 2 4 3 5 2 3 3 2 4 3 4 5 5 5 3 1 2 5 4 1 1 2 2 4 3 5 4 2 5 5 3 2 3 1 5 1 3 3 1 2 1 1 2 3 2 3 4 1 3 1 2 3 2 2 4 2 2 2 1 1 3 2 4 3 3 4 5 3 5 3 1 5 1 3 3 5 3 5 3 4 5 5 1 2 3 3 3 5 3 2 3 4 1 5 4 5 3 3 3 2 5 4 3 3 5 5 5 4 3 4 5 2 1 5 5 3 2 5 2 2 5 1 2 4 1 4 4 1 4 1 4 4 5 5 4 3 3 4 2 5 3 5 5 2 2 2 1 3 5 3 5 3 4 1 3 5 5 3 2 5 1 2 2 2 1 5 2 5 3 5 2 2 4 1 4 1 1 2 2 1 1 1 1 3 2 5 2 3 3 2 2 3 1 2 2 3 2 3 4 1 3 5 5 5 2 3 5 1 1 3 1 4 2 4 2 5 3 2 3 1 1 2 2 4 4 3 2 3 2 4 2 3 3 2 2 2 2 5 1 2 3 5 4 3 3 1 2 5 4 2 3 2 1 3 1 3 5 2 3 2 4 4 3 1 5 3 1 2 4 5 3 3 2 1 5 3 4 1 4 1 3 4 2 3 3 3 4 5 3 4 4 4 5 1 4 3 2 3 2 1 5 2 4 1 5 2 3 2 3 2 4 2 5 1 4 1 4 5 4 2 2 1 1 3 2 3 3 2 5 1 2 4 4 5 1 1 2 3 3 5 4 5 3 3 5 5 3 2 3 1 1 5 5 2 3 2 5 1 1 1 5 3 3 1 1 5 3 3 1 4 3 5 2 3 4 4 3 2 1 5 2 3 1 2 5 1 1 2 3 5 5 5 5 4 3 2 2 5 1 5 5 3 4 4 2 2 2 4 5 5 3 3 2 4 2 3 5 3 5 2 3 2 2 2 4 1 4 5 5 4 5 4 3 4 5 2 3 5 3 2 1 4 2 3 5 5 3 4 1 2 2 2 2 2 3 3 5 5 3 1 3 3 1 4 3 2 5 1 1 3 1 2 5,342 503 502 369 403,342 503 502 369 403,5.688946700000088,0.0361513404519385,0.0536823518403584,0.0559262906840332,-0.0415901486901325
goemotions,4543,28,26 4 18 7 16 10 28 28 3 2 28 22 3 27 28 7 4 28 28 28 18 14 2 6 28 2 2 1 28 2 14 1 28 28 1 6 28 8 18 7 7 16 19 28 2 28 16 2 2 8 28 5 9 28 28 28 28 28 28 28 21 8 28 8 28 18 5 1 28 25 1 7 28 3 6 28 5 28 28 28 19 25 28 28 23 19 25 28 28 28 28 28 1 4 28 28 16 11 6 27 5 16 4 14 21 4 28 13 21 25 16 16 28 28 1 1 28 28 28 28 7 28 28 28 28 3 28 23 28 7 8 18 28 11 18 28 28 5 15 4 1 28 28 1 2 12 5 5 28 28 28 16 10 4 28 28 8 2 28 11 8 16 28 28 28 28 1 8 21 1 7 28 28 28 12 1 28 19 14 24 28 23 10 11 28 18 8 18 15 9 4 3 19 28 5 28 28 26 1 2 28 28 28 3 28 4 11 15 1 8 5 28 28 11 28 23 11 5 5 2 23 15 28 6 28 11 28 8 5 25 28 28 6 26 4 10 28 28 28 16 28 19 5 28 5 13 1 11 19 15 11 11 11 23 11 4 28 28 9 28 28 18 6 11 4 28 1 5 28 9 23 28 7 11 28 3 28 5 1 5 1 28 4 28 25 21 28 28 1 10 28 28 16 27 4 28 28 2 28 1 28 28 28 3 28 2 5 6 23 27 28 5 28 16 26 16 28 16 9 4 4 27 1 1 21 15 7 5 14 1 8 28 7 5 8 19 28 14 5 28 16 28 28 28 19 28 11 1 19 1 28 15 28 27 28 28 6 28 18 16 2 28 12 1 7 19 27 28 28 28 1 4 28 28 7 28 21 1 4 8 28 15 28 7 28 7 1 28 28 28 3 27 2 16 1 2 9 28 22 2 23 28 3 28 23 16 28 28 28 8 28 26 8 28 28 1 15 28 1 21 28 12 28 8 1 28 11 1 1 28 1 1 5 16 28 28 16 1 3 26 1 11 26 4 14 8 28 8 28 1 11 16 11 5 5 28 5 28 2 16 28 8 28 11 7 16 4 16 21 28 11 28 28 8 28 28 21 1 27 16 28 28 7 1 28 28 16 12 19 16 28 15 8 28 4 28 11 28 23 28 25 1 28 8 20 1 11 10 19 28 16 18 1 3 16 28 20 28 28 28 28 28 28 28 28 11 7 28 28 1 1 28 1 2 5 10 1 7 28 5 28 10 23 27 12 10 28 28 1 28 20 16 1 23 19 28 28 16 5 23 25 16 2 1 28 21 28 23 6 1 28 25 27 4 28 1 28 12 19 28 16 28 27 15 28 28 28 9 16 28 28 11 24 4 28 28 28 3 28 10 8 7 28 28 27 28 19 18 26 18 10 19 26 5 28 4 18 1 21 10 21 28 1 13 9 7 4 21 19 23 27 28 2 16 1 18 28 28 8 27 28 28 28 28 10 27 18 28 11 8 8 28 1 28 3 28 6 18 4 1 16 19 9 5 5 5 16 11 8 28 12 28 6 18 1 5 2 19 28 28 4 5 28 1 28 23 16 28 19 28 11 5 28 1 28 23 26 28 28 4 28 11 9 28 6 23 5 9 28 28 28 10 28 19 15 11 3 28 17 4 21 11 16 3 1 28 2 4 2 28 27 28 23 19 5 2 28 2 8 10 22 28 28 28 9 2 26 18 27 1 28 28 4 28 28 2 1 8 5 10 28 28 10 16 18 16 28 27 28 2 28 19 1 4 5 28 4 3 27 28 28 28 7 28 28 8 28 5 1 8 1 8 28 1 11 5 19 1 5 28 28 1 28 4 28 28 1 28 4 8 15 28 11 6 28 8 23 8 11 28 28 28 20 28 28 27 28 5 28 11 11 26 12 2 28 1 5 1 12 8 5 21 2 28 12 28 5 14 18 28 21 28 6 1 5 28 4 28 4 23 28 21 4 23 1 16 28 28 2 28 5 28 15 28 28 8 11 26 15 28 6 8 25 27 7 7 28 3 21 5 28 15 2 1 28 6 23 28 8 28 9 28 10 15 26 28 19 28 4 10 11 1 28 15 28 5 28 28 8 28 8 28 3 7 28 28 2 28 28 28 28 28 15 16 7 28 1 28 6 6 28 28 26 28 28 11 12 23 1 12 28 16 7 11 4 12 28 28 21 16 2 28 19 28 14 28 19 28 28 19 12 16 3 28 16 28 28 19 11 1 27 16 28 21 4 28 13 14 28 19 2 5 28 6 2 28 28 28 8 28 2 28 28 28 28 28 3 19 28 3 28 6 28 26 19 28 11 2 28 28 25 3 23 16 28 5 10 23 28 2 25 11 4 8 16 5 27 28 10 10 28 28 4 13 25 16 9 11 9 28 14 2 1 28 26 11 28 2 28 28 15 28 3 28 28 28 11 9 28 14 28 26 28 26 4 2 28 28 28 5 2 26 4 8 28 23 26 28 6 21 28 4 12 14 28 7 2 28 19 19 28 4 16 18 28 28 15 28 28 12 4 16 5 16 3 11 3 1 28 2 16 6 21 11 21 23 10 16 28 9 28 11 25 27 3 8 19 6 3 28 3 16 7 28 5 2 28 1 7 9 15 28 28 25 28 28 11 12 28 28 28 28 28 16 18 11 28 4 2 1 8 1 28 1 23 4 28 7 11 1 6 25 26 7 28 3 28 7 28 6 1 7 5 28 9 28 26 28 9 10 4 28 28 5 28 1 28 10 11 28 5 28 28 1 8 28 16 10 3 28 10 28 7 28 8 10 21 9 28 1 5 11 3 18 28 28 19 15 5 28 14 4 23 26 16 19 28 1 4 23 16 12 28 8 18 8 28 28 11 1 1 18 16 5 28 4 16 11 1 1 28 9 3 3 1 28 1 6 26 4 28 14 1 28 1 28 28 28 6 4 11 28 28 13 28 28 19 28 1 3 13 1 19 2 11 4 28 8 28 28 28 28 2 28 28 26 28 28 5 5 8 26 28 28 28 16 3 28 28 13 4 28 28 26 28 1 7 28 15 28 28 5 28 28 28 28 26 28 23 8 19 28 28 2 28 28 28 26 5 28 16 28 1 16 28 3 15 28 8 19 28 2 16 28 18 28 4 26 12 8 28 28 1 28 23 7 8 28 28 5 11 11 1 8 28 11 28 5 15 6 16 4 28 5 28 11 28 5 21 28 1 28 23 28 16 28 28 28 8 11 28 28 3 21 3 5 2 4 3 5 28 3 28 5 28 21 19 28 21 21 28 19 21 3 1 21 28 2 8 25 10 28 8 16 7 4 28 16 4 21 28 4 18 28 28 28 1 28 2 12 28 6 16 19 28 28 28 11 1 16 6 28 6 21 28 28 28 11 28 28 1 1 28 28 28 28 26 11 28 1 5 10 28 28 4 8 9 28 4 16 28 7 12 28 28 28 28 28 11 5 7 25 28 26 16 1 5 11 4 28 23 4 28 11 20 28 26 28 28 28 19 28 26 22 27 26 28 15 12 8 28 14 28 28 7 28 28 28 5 4 13 1 28 26 1 1 28 2 28 9 28 5 8 17 1 11 1 6 28 28 28 28 10 7 21 1 10 28 8 4 18 4 16 15 14 28 28 16 5 28 28 5 28 28 1 23 21 4 28 28 2 9 1 28 28 12 28 19 28 28 11 25 5 28 28 28 2 3 11 28 21 2 19 21 8 10 8 27 9 16 2 23 28 28 1 16 11 12 28 28 1 5 8 5 28 28 8 4 1 10 8 1 28 5 4 10 28 28 5 2 19 28 28 4 1 28 12 2 21 14 8 3 9 19 1 28 2 28 28 19 28 28 6 24 6 28 5 26 2 18 28 28 18 3 28 1 16 3 28 3 28 2 2 18 16 28 2 7 3 4 3 5 28 11 28 8 8 6 1 8 5 28 19 11 21 28 15 10 28 11 28 5 25 28 3 2 28 28 28 28 13 4 5 9 21 15 28 28 20 28 8 28 5 14 16 18 27 1 28 1 27 4 28 2 28 1 21 28 4 28 5 28 4 28 28 19 11 28 8 1 26 28 28 28 18 9 28 28 28 21 28 28 28 28 15 19 5 2 28 2 5 23 4 5 5 2 21 10 2 23 2 5 2 4 28 6 11 5 16 5 25 1 28 28 5 1 16 12 5 28 21 5 8 28 1 28 12 1 26 28 2 28 28 16 28 10 4 21 1 5 28 27 19 1 28 28 28 5 5 28 4 14 16 28 9 16 11 28 21 28 2 14 28 5 7 28 28 28 28 28 12 19 5 15 3 16 28 8 28 28 8 3 28 19 25 28 28 23 23 28 28 11 3 19 3 1 28 28 28 18 28 10 26 21 23 16 23 1 28 7 28 28 28 13 3 5 28 8 8 28 11 11 28 8 8 16 28 9 5 24 28 28 28 16 19 28 18 28 2 21 6 16 28 28 5 28 8 28 5 28 12 12 28 19 19 28 16 7 27 28 14 28 3 11 8 7 28 28 25 3 1 10 1 9 3 28 28 1 28 28 14 2 2 4 28 28 4 8 19 5 23 28 8 14 19 28 21 16 25 11 2 27 11 28 2 7 19 18 28 1 19 28 1 28 8 28 21 28 28 3 1 27 8 16 1 6 28 27 7 28 28 19 28 8 11 28 28 28 28 28 28 7 28 28 27 28 5 3 26 5 28 26 8 28 28 27 27 16 28 28 5 21 1 28 19 28 28 28 1 28 19 11 8 1 28 13 7 13 27 28 16 25 28 28 6 16 28 15 28 11 5 1 28 28 8 11 3 7 27 18 28 16 10 3 5 8 16 1 11 12 12 28 28 28 28 3 11 28 28 14 1 2 18 18 28 19 11 3 5 4 10 28 28 28 28 28 8 1 4 8 27 21 12 28 28 19 7 8 28 1 28 4 28 28 4 16 16 28 18 16 26 9 18 16 28 27 18 28 7 21 4 19 19 1 28 10 1 26 28 5 26 3 28 1 16 28 12 27 16 8 4 21 28 16 6 3 28 28 16 28 28 1 28 1 5 14 2 27 16 28 28 21 28 5 28 2 19 2 21 5 21 28 7 8 14 27 28 28 28 28 28 13 2 10 16 4 19 27 28 8 28 28 28 21 27 11 28 28 23 19 26 28 20 28 19 23 5 28 28 28 28 28 28 28 28 11 28 7 28 5 2 18 12 28 11 4 28 1 11 16 1 28 1 27 15 6 28 28 18 11 12 18 28 21 5 5 8 10 28 28 28 1 28 11 5 11 28 4 1 28 16 18 27 26 28 28 28 8 1 23 14 12 28 3 28 28 28 1 10 28 12 9 1 10 2 5 28 28 23 28 5 2 18 26 2 7 5 28 28 4 27 5 21 28 28 28 2 28 28 10 4 1 1 7 28 2 28 28 28 16 28 10 3 27 1 8 28 1 1 16 28 16 27 28 11 26 5 5 7 3 6 28 6 28 16 6 3 28 28 4 28 3 28 2 3 10 18 25 14 28 10 28 4 28 2 8 23 1 28 28 28 28 28 2 6 3 16 4 16 28 11 1 16 28 28 27 3 28 28 11 23 24 16 28 19 27 28 26 21 11 15 2 11 2 12 4 28 11 8 16 28 28 6 19 14 7 4 19 28 28 1 28 16 28 28 11 28 19 5 28 28 1 10 28 18 5 4 12 28 28 28 28 27 28 21 9 28 28 28 19 28 16 28 16 28 28 28 21 19 19 9 16 28 5 28 27 28 28 11 28 2 16 4 3 21 28 2 5 26 28 1 18 25 27 8 27 5 11 1 28 4 11 16 1 18 1 28 27 4 7 28 16 28 28 28 28 5 11 8 28 16 28 3 15 1 28 8 28 28 7 28 27 3 8 28 28 28 28 28 7 19 28 28 11 16 14 1 1 8 28 7 19 28 28 11 19 28 28 2 16 5 19 4 28 21 8 1 16 6 12 4 28 2 1 28 28 28 2 28 13 28 3 28 8 16 5 28 28 16 6 1 16 26 15 28 1 11 19 28 6 28 5 28 28 16 15 3 28 2 10 28 5 8 13 23 28 28 12 12 14 28 28 28 28 28 19 28 19 1 28 28 4 27 2 15 4 28 19 28 28 12 16 1 28 2 4 28 6 28 5 28 28 28 15 28 5 28 11 5 2 1 5 4 18 28 16 28 16 28 8 1 19 3 28 28 28 6 5 28 11 28 1 23 23 5 18 16 16 28 8 1 11 28 8 7 19 4 28 28 3 28 27 4 28 1 4 5 28 2 28 28 25 28 28 28 3 23 14 5 28 26 28 28 18 28 16 23 1 26 28 1 4 11 28 28 11 5 16 28 28 1 9 28 2 21 16 7 10 28 28 28 14 28 26 1 8 16 16 27 28 16 11 4 28 28 28 28 28 19 1 28 28 14 19 19 28 11 26 28 7 28 1 28 23 27 15 28 28 28 2 10 28 5 7 8 7 28 28 28 28 28 5 24 12 28 26 1 12 23 25 1 4 18 5 18 16 19 1 4 28 28 25 2 7 28 26 11 1 28 19 28 2 28 28 2 5 26 5 19 3 1 28 19 16 15 8 5 4 5 23 15 5 3 28 8 28 11 28 28 26 16 28 26 16 2 21 19 3 1 16 11 28 28 2 5 28 28 21 16 1 11 1 3 28 2 28 21 11 28 19 28 18 28 6 8 21 28 28 1 11 28 28 1 28 12 16 2 28 28 16 28 27 16 16 11 16 28 28 18 5 16 28 1 3 16 10 1 28 5 4 5 5 11 28 25 10 28 28 21 28 19 28 12 23 28 2 26 11 28 28 5 25 28 1 28 3 1 13 28 16 28 28 5 1 1 28 28 28 8 28 28 2 28 19 16 18 28 5 28 1 28 4 12 2 4 8 28 28 28 28 5 28 28 5 27 16 8 4 28 15 4 16 1 28 28 28 4 1 5 11 5 7 28 28 28 18 28 21 1 1 23 21 27 18 16 16 2 1 18 27 7 10 15 15 26 16 16 1 5 28 1 8 25 6 5 28 19 28 4 28 28 11 10 28 28 28 11 28 28 5 28 14 23 28 19 28 6 28 28 3 28 15 19 28 1 28 28 8 21 13 1 16 26 6 1 1 26 5 1 28 7 5 15 28 11 11 28 4 28 28 19 8 3 28 16 28 7 16 16 18 28 21 15 28 2 5 10 28 18 1 27 8 21 28 16 21 28 26 1 1 28 8 28 28 28 8 28 28 1 4 28 28 2 28 23 28 28 2 28 7 28 16 14 28 11 7 28 4 28 11 16 11 10 4 28 28 25 2 28 28 16 23 3 27 26 28 19 28 19 1 28 11 28 18 18 4 28 28 28 1 1 28 28 16 11 1 28 2 14 10 28 1 28 2 19 6 21 19 23 5 28 2 8 16 18 28 28 28 11 28 5 28 25 4 28 28 28 28 28 26 16 19 16 28 28 28 19 1 9 1 16 28 1 3 26 28 5 2 28 10 2 26 1 28 18 3 25 28 5 2 15 10 11 28 23 21 1 5 28 1 18 21 19 8 27 28 28 26 16 9 4 1 11 8 26 3 28 28 2 28 8 4 16 2 1 20 19 3 14 28 10 2 5 6 27 7 27 6 28 28 1 1 19 5 6 28 28 11 4 1 10 28 28 11 16 28 19 16 4 16 4 6 22 8 25 1 3 21 18 28 11 28 3 6 12 28 28 5 4 23 28 1 25 28 28 28 16 28 14 28 4 28 23 12 28 26 4 28 11 7 9 5 28 18 4 28 8 21 16 11 16 1 10 28 28 28 4 28 26 7 8 16 4 28 8 27 9 1 28 28 1 4 28 4 18 2 28 3 28 28 7 1 4 28 28 15 28 28 28 27 28 6 1 19 28 26 16 10 25 19 28 2 26 11 28 28 4 28 11 16 28 28 28 5 28 28 28 1 2 18 1 28 6 1 5 5 19 11 16 12 3 11 28 1 9 14 28 1 3 21 28 1 4 28 15 28 9 28 1 28 7 11 16 11 28 28 28 28 28 11 10 28 11 28 8 27 19 21 3 28 28 18 8 4 7 5 11 27 28 23 7 28 5 28 15 28 28 2 28 28 28 28 28 28 28 1 26 12 1 28 12 28 28 7 1 19 28 28 28 18 28 6 28 28 2 8 12 21 16 28 4 28 2 6 2 18 7 5 28 8 3 3 18 28 1 28 9 10 27 2 28 15 20 4 12 28 12 16 11 28 14 4 19 1 28 21 10 14 3 28 28 26 16 15 14 8 11 18 21 13 28 23 6 21 10 28 28 12 1 28 10 1 4 2 2 11 21 18 28 1 21 8 2 5 28 1 18 28 28 6 3 28 1 11 28 1 28 2 23 28 16 14 27 7 16 7 16 28 28 11 28 19 16 28 28 2 28 28 28 5 16 7 28 28 28 4 11 28 28 27 23 16 23 1 1 4 16 28 16 2 10 21 28 11 10 2 28 23 12 9 16 15 10 5 7 28 26 21 1 11 1 28 28 16 28 28 28 28 19 28 16 2 28 28 21 5 28 2 8 2 19 28 28 28 5 2 15 16 2 28 28 28 2 2 28 4 16 16 28 11 28 21 6 28 28 1 16 28 28 8 21 4 26 1 2 5 28 14 28 10 28 19 10 28 13 28 26 14 12 4 28 23 25 28 1 19 28 28 23 28 28 16 16 10 26 28 6 28 28 3 28 12 4 28 28 28 28 28 28 14 5 28 2 14 16 28 5 4 7 2 6 3 28 10 18 1 11 28 1 8 5 28 28 8 19 21 14 2 28 3 28 16 18 16 6 16 11 28 28 10 28 12 12 16 19 28 1 19 1 12 9 16 1 28 25 26 28 28 28 27 28 1 1 5 28 1 4 28 1 1 4 6 16 28 21 6 19 16 10 28 16 8 15 16 18 28 28 11 19 26 3 3 5 8 26 21 4 16 21 28 23 28 2 9 5 28 1 4 19 2 22 28 28 26 28 28 28 1 2 4 19 4 22 1 18 3 28 1 2 28 19 23 28 28 28 23 28 5 11 8 1 28 28 13 28 16 28 28 8 9 8 28 28 19 28 28 26 28 11 28 26 26 11 28 19 18 28 3 4 21 16 28 11 19 5 1 14 28 28 3 28 21 28 4 28 1 28 28 23 8 1 27 28 8 19 23 26 28 1 4 11 9 8 2 7 25 16 28 26 6 28 5 28 2 3 11 10 16 28 18 28 4 12 19 28 7 6 19 25 27 16 4 1 28 28 16 23 15 28 28 28 28 6 5 28 1 15 8 28 11 28 28 13 28 28 2 28 1 9 28 28 19 28 28 28 28 10 1 8 28 28 28 11 4 7 5 7 1 28 28 8 4 1 28 5 28 16 8 28 10 28 5 28 15 1 7 5 28 14 27 28 4 28 28 12 9 28 11 8 5 1 16 2 4 12 4 28 5 26 21 26 11 28 2 1 12 16 1 19 5 8 1 1 8 1 28 28 3 4 28 12 28 28 3 28 28 6 10 28 13 2 14 16 28 28 2 5 27 28 11 28 19 3 28 19 11 28 4 6 28 1 18 28 28 1 4 9 20 3 28 28 28 5 16 3 4 28 28 5 28 11 28 9 28 19 19 26 8 24 12 28 4 28 16 19 1 3 10 28 21 28 28 28 2 1 16 28 11 28 16 1 28 2 16 28 2 1 28 28 1 9 18 28 26 28 23 28 5 1 28 11 21 28 19 28 3 19 28 23 26 28 15 8 16 28 28 8 28 28 28 2 12 28 28 28 5 28 4 2 19 28 1 28 28 28 28 28 3 28 28 28 5 16 27 4 10 28 1 16 28 16 16 28 11 2 28 28 6 28 6 23 4 28 28 14 26 1 2 3 4 26 20 28 1 5 16 28 28 8 16 28 28 1 8 8 28 28 15 28 16 28 28 23 1 28 28 28 3 5 12 1 8 26 3 1 8 28 11 28 6 28 28 16 28 15 5 28 16 12 12 19 28 28 28 16 5 11 11 28 1 4 3 4 28 1 19 28 2 28 5 28 11 28 16 18 5 11 5 9 27 1 8 5 16 11 12 2 6 28 28 4 28 1 21 28 9 4 3 28 1 19 5 28 16 28 18 28 28 26 7 28 2 28 28 16 28 28 18 8 11 4 16 21 28 6 3 14 8 1 20 28 3 6 26 2 28 7 2 5 27 28 28 23 16 28 11 28 1 1 1 1 4 1 28 28 23 28 11 23 4 28 2 28 25 1 28 15 28 28 5 28 8 28,26 1 14 16 28 16 16 16 25 26 9 15 11 15 2 16 2 25 28 28 28 28 28 8 28 28 28 21 28 28 28 28 11 6 28 28 28 2 2 28 5 28 28 28 9 28 25 16 28 19 19 28 16 26 15 10 4 4 28 28 15 5 1 21 16 4 7 11 28 1 16 11 28 23 27 28 15 28 7 28 10 3 5 11 3 28 1 28 6 28 1 28 21 28 27 28 2 5 8 9 5 2 4 28 23 21 28 15 11 3 28 28 11 19 7 2 12 28 21 28 28 28 13 28 28 28 28 28 11 28 25 28 3 8 28 16 28 8 10 2 27 1 28 26 7 28 28 16 27 28 4 11 20 1 18 6 27 28 28 4 28 12 28 28 28 28 18 21 15 18 16 28 28 19 1 16 22 6 28 11 28 28 12 28 28 4 28 28 1 28 28 28 28 28 28 13 19 28 4 28 12 28 26 15 28 10 7 28 26 3 28 28 11 8 28 15 9 10 12 16 5 16 12 25 28 28 28 1 2 28 12 6 28 1 1 12 28 28 8 27 28 16 7 28 6 28 28 7 28 28 10 28 27 23 19 28 28 28 1 6 28 28 12 16 28 28 11 1 2 11 27 16 28 28 28 15 9 1 16 9 2 16 11 28 3 28 28 2 2 28 1 7 28 28 6 16 4 9 14 28 8 11 6 3 28 2 28 27 28 26 28 16 11 28 1 26 28 18 4 28 28 28 28 5 3 28 1 18 28 11 12 14 6 28 28 28 5 7 5 25 21 7 4 28 28 1 28 28 1 28 25 28 1 10 11 28 25 28 28 11 4 1 8 13 23 27 9 21 16 9 28 5 21 28 19 28 5 28 4 3 19 8 11 2 3 5 16 28 8 28 16 16 8 11 11 4 28 28 28 28 11 8 19 28 3 28 23 8 28 5 19 10 3 3 28 15 11 28 21 11 28 28 1 7 28 28 16 28 28 16 4 28 1 3 19 28 28 18 26 8 28 1 5 3 4 28 3 28 9 21 1 1 18 23 26 12 2 28 11 8 28 5 16 10 16 4 26 16 16 28 11 12 28 3 26 28 3 5 11 1 2 11 21 7 19 1 4 12 5 19 28 28 2 28 4 21 4 28 1 28 25 16 3 28 4 28 28 28 16 16 28 28 13 16 21 7 14 11 28 1 3 1 1 11 21 12 15 1 4 5 7 10 26 16 15 11 28 28 28 8 28 21 14 28 28 11 7 28 26 15 28 19 26 10 28 28 28 28 3 23 1 3 4 19 1 19 4 11 5 5 28 4 26 28 16 19 1 28 16 5 28 8 12 1 1 16 23 11 12 28 28 28 24 23 3 28 28 28 23 15 19 8 1 1 28 8 5 8 28 1 28 28 1 2 28 16 8 28 28 26 1 2 28 28 28 28 18 28 28 28 28 3 8 16 4 18 1 28 28 28 28 28 28 16 10 28 10 5 28 17 28 28 16 1 28 28 3 28 28 21 18 12 28 26 21 1 14 28 8 27 28 26 28 23 11 4 3 16 6 28 28 4 4 16 11 28 28 28 9 6 9 2 28 18 6 4 13 12 24 11 28 28 7 28 8 1 2 15 2 9 25 23 27 12 1 5 6 1 28 2 16 6 16 12 28 3 24 16 16 18 28 28 28 24 16 28 28 28 21 16 28 28 28 28 1 16 26 28 16 16 28 18 2 14 7 16 4 28 28 28 28 28 11 21 28 28 1 15 28 2 5 5 16 28 13 11 8 2 27 19 26 28 2 16 28 3 28 28 5 21 28 28 10 16 28 11 26 16 20 28 3 9 28 16 1 28 12 26 4 28 28 5 4 5 2 6 2 4 26 28 28 13 2 5 2 28 28 9 28 14 28 28 8 21 28 28 21 15 4 3 11 16 28 1 19 28 5 5 8 19 15 2 19 16 16 28 12 5 27 28 28 16 28 28 5 28 28 8 28 28 19 8 28 28 3 21 28 28 28 16 8 1 19 28 25 4 28 21 28 28 7 28 5 4 15 11 25 28 11 16 21 28 1 28 3 28 28 28 1 19 27 3 28 28 26 4 27 28 28 4 1 28 16 18 26 28 11 16 28 28 5 1 19 28 19 6 11 28 18 1 28 28 28 28 8 4 19 14 4 12 28 2 1 27 28 21 28 18 1 6 5 28 27 28 18 26 18 7 28 28 1 28 16 16 28 28 28 27 2 5 13 12 28 28 1 16 2 23 28 4 2 4 28 5 1 2 10 2 28 28 3 28 4 1 1 1 1 7 1 8 28 28 23 28 11 8 28 28 28 8 28 16 19 28 27 28 28 12 28 25 28 11 28 28 26 19 5 21 5 28 6 28 28 28 23 28 8 18 10 28 8 28 28 3 28 1 11 2 28 28 28 1 4 26 28 28 9 8 16 7 11 1 8 18 1 2 28 9 28 21 5 12 20 6 28 28 5 28 28 1 8 6 28 5 28 28 28 15 28 7 28 27 4 4 1 28 6 1 28 15 5 14 5 28 5 28 6 3 28 28 12 16 1 28 5 16 28 26 4 19 28 4 16 21 28 11 28 13 11 14 3 1 18 4 26 1 16 10 11 12 28 28 5 28 25 10 28 28 1 7 19 28 26 28 8 8 28 28 16 6 2 28 14 8 16 28 28 27 2 5 14 23 28 11 19 11 27 14 5 28 16 9 28 4 19 1 9 2 28 11 1 1 3 5 11 8 28 1 26 27 10 28 28 21 28 4 3 28 1 8 13 6 3 18 16 5 28 28 4 10 28 28 16 8 28 19 15 28 2 19 8 11 1 5 16 16 7 5 6 28 2 28 28 1 18 16 1 1 28 5 11 18 12 25 3 28 28 11 10 3 20 11 11 1 11 14 26 18 2 19 23 11 16 14 28 28 4 27 28 4 8 4 28 16 10 19 1 1 21 23 11 28 4 20 28 23 28 23 28 6 4 28 8 19 28 16 19 7 1 18 1 1 28 28 1 19 28 2 28 16 7 28 23 19 8 16 28 11 28 19 1 28 16 2 28 28 28 28 26 16 16 1 5 12 28 28 28 11 26 5 8 3 4 16 28 28 2 16 1 19 11 11 16 14 14 28 5 28 28 1 28 28 5 1 19 10 5 25 16 1 27 1 28 28 1 28 11 7 27 18 11 28 28 19 28 28 28 23 28 28 28 1 12 28 28 12 1 26 9 2 28 19 19 28 23 1 23 19 4 28 4 4 28 19 28 1 28 5 28 28 28 1 28 28 28 4 8 21 4 21 14 28 28 5 5 6 8 1 26 1 28 11 28 25 10 25 5 18 3 28 28 11 4 26 28 28 20 28 27 28 19 28 28 28 28 2 28 3 19 21 27 1 28 4 28 16 11 7 22 28 28 26 12 28 28 2 21 28 28 26 23 1 19 28 28 28 10 28 18 5 4 6 28 28 28 16 2 8 8 2 1 2 11 1 11 11 28 2 28 28 23 8 1 28 27 10 15 19 28 2 28 19 28 28 28 21 8 1 28 6 19 11 28 28 21 26 28 28 14 3 27 26 28 4 1 11 7 1 2 28 28 4 2 18 8 25 16 4 1 21 28 28 28 28 28 16 14 28 21 28 28 16 28 28 4 23 28 28 8 26 28 28 28 28 1 28 11 4 28 6 16 28 2 10 16 28 28 1 16 26 1 4 28 21 11 2 19 7 2 28 5 16 28 2 21 21 16 2 28 4 5 28 2 16 11 28 28 28 11 23 16 3 2 28 28 6 28 19 28 28 16 21 28 5 1 28 2 28 28 11 28 5 12 18 11 23 16 6 28 28 8 8 1 12 19 2 5 23 23 19 28 28 16 21 21 11 28 18 4 28 2 28 28 7 12 11 28 5 1 16 27 2 15 23 25 5 11 28 1 28 28 28 22 11 18 28 28 8 12 4 28 19 28 28 28 4 5 1 3 28 18 28 3 14 28 28 19 28 26 11 16 28 13 28 4 3 28 3 13 2 9 5 4 18 23 23 10 28 1 28 28 18 4 28 16 8 11 28 4 5 19 28 16 23 28 26 1 3 28 4 3 21 1 13 10 18 3 28 28 28 16 28 19 28 8 1 15 28 1 28 28 19 28 7 6 28 28 1 28 9 25 1 18 28 7 5 21 28 28 1 11 27 28 28 19 4 1 2 8 23 13 28 28 19 12 21 5 23 28 16 1 2 8 2 28 28 4 26 3 2 2 28 28 1 27 4 19 11 28 5 28 26 1 16 19 28 1 28 28 1 28 26 19 2 4 28 28 5 28 28 28 15 8 28 28 23 28 28 28 28 8 11 25 28 11 5 4 8 28 28 6 12 23 18 10 19 11 26 28 16 18 28 18 16 28 1 5 18 11 8 28 19 3 5 5 16 18 23 23 28 28 10 20 3 3 28 15 28 16 2 3 2 21 28 3 20 23 18 2 28 23 23 11 4 4 9 21 1 5 3 7 16 5 28 4 11 26 28 8 28 19 4 28 25 28 28 21 28 28 8 5 12 5 8 11 8 16 28 23 26 28 10 28 8 8 19 19 3 27 28 15 9 28 28 28 11 28 26 1 11 1 1 28 5 28 8 2 14 1 10 23 25 28 28 18 9 4 28 23 11 28 11 28 28 28 28 8 16 18 28 28 28 28 8 28 28 2 5 5 11 1 16 7 28 10 28 9 19 28 28 8 28 11 4 1 28 2 5 11 6 28 4 2 21 28 14 28 11 5 3 25 8 16 28 2 1 28 18 10 28 1 19 28 18 5 28 18 8 28 7 28 23 19 4 26 28 28 1 28 1 19 28 28 16 28 3 23 28 28 28 16 6 1 4 16 28 3 18 28 28 9 28 27 28 14 16 5 28 5 1 28 1 28 28 28 28 8 4 28 28 28 13 8 4 21 12 28 28 28 21 28 23 28 28 1 5 28 28 8 1 15 5 16 23 28 5 11 28 18 4 8 28 5 2 18 21 28 27 28 1 16 9 28 12 8 28 6 11 1 28 1 19 28 28 28 28 28 28 28 28 23 5 19 28 15 28 1 28 14 10 8 5 3 3 2 28 11 28 28 28 28 5 28 19 16 2 23 19 7 7 28 28 15 4 12 28 19 28 2 11 28 28 28 16 28 28 28 1 1 8 2 1 19 28 1 28 8 16 28 28 28 28 12 5 7 5 1 5 3 11 6 1 1 19 19 8 28 16 28 5 28 21 28 28 16 1 28 28 14 27 26 28 1 28 15 18 28 11 23 1 5 4 28 28 26 28 28 5 21 1 1 16 8 28 25 28 12 28 28 1 14 21 9 28 8 1 5 28 28 2 8 4 28 2 28 6 28 5 2 1 28 5 14 12 27 28 28 28 28 28 10 2 27 1 1 28 21 28 16 26 28 28 1 28 16 16 28 9 7 28 1 1 1 28 4 28 28 28 4 1 28 19 19 1 24 4 16 16 5 28 27 3 14 6 10 10 16 28 28 28 5 6 11 28 23 14 10 28 8 28 28 23 4 28 27 28 16 28 28 14 27 3 23 3 28 21 2 28 4 10 28 1 2 11 16 12 8 28 2 19 19 5 5 5 28 1 23 19 4 19 19 28 3 1 28 16 16 1 8 3 2 8 11 5 28 1 28 7 23 28 28 7 16 1 5 11 4 16 28 28 11 7 26 3 4 9 10 4 28 12 2 16 28 28 8 28 17 4 28 19 28 28 18 28 16 16 1 5 28 28 11 7 10 21 1 2 28 13 10 1 4 2 5 16 4 3 2 27 4 28 6 6 1 16 12 28 19 23 28 6 28 28 28 28 4 28 5 28 18 28 19 11 6 28 28 28 5 14 10 28 28 6 4 28 18 5 28 8 28 16 16 13 28 28 23 16 10 8 21 28 10 16 28 28 16 28 28 8 10 28 8 16 28 1 28 28 1 28 27 19 8 28 3 3 28 28 28 16 19 27 28 8 28 2 28 27 28 28 11 16 28 28 16 8 28 21 1 28 5 28 28 6 28 8 8 5 28 1 28 19 28 28 6 28 15 16 1 28 16 28 28 28 28 28 28 28 8 9 28 6 4 28 28 3 19 1 18 18 1 28 12 28 28 28 28 9 6 16 18 16 28 28 3 23 4 10 6 4 28 8 4 5 19 27 28 10 28 26 1 19 11 28 11 4 28 9 4 28 28 1 1 1 21 5 8 28 16 28 28 21 2 28 28 16 12 9 1 5 28 1 28 2 10 28 1 4 3 1 28 28 1 5 1 19 28 3 28 20 11 28 5 12 1 28 5 28 27 7 1 28 28 23 5 2 14 4 5 28 28 3 3 21 21 15 8 28 1 28 28 28 25 7 28 5 8 26 28 16 1 5 28 16 28 28 28 3 28 2 28 4 4 16 3 2 8 28 28 1 8 28 5 28 5 1 28 9 15 28 28 4 16 11 1 28 28 1 27 16 28 1 7 28 15 5 26 14 28 28 15 28 5 28 19 8 28 28 28 11 4 11 26 12 2 21 8 14 28 3 27 14 5 8 28 2 11 7 28 28 28 5 7 28 2 1 28 28 10 7 22 28 16 4 28 28 4 23 28 7 28 23 2 3 2 16 8 28 21 28 1 28 16 28 28 26 5 28 28 3 28 6 24 23 28 28 4 28 28 28 1 2 1 28 28 8 28 27 28 10 28 23 3 28 27 2 19 1 28 12 18 28 4 28 3 8 27 19 28 3 28 21 28 1 28 28 1 1 2 21 28 28 21 5 28 27 21 5 28 28 20 1 28 5 8 15 28 28 16 28 28 28 28 12 1 16 7 7 28 28 1 25 8 16 28 2 4 28 12 28 12 8 1 2 11 16 18 27 21 28 28 21 2 5 4 8 23 27 28 24 16 28 9 5 28 7 3 28 15 23 28 19 28 28 28 19 25 11 28 11 19 16 1 28 1 28 21 28 28 28 26 4 28 16 5 28 2 12 16 28 1 5 18 28 1 10 9 1 28 12 28 12 9 11 3 5 7 5 28 25 21 28 28 16 16 11 28 11 1 23 19 1 1 1 1 21 28 6 4 3 10 5 9 28 10 28 19 3 28 10 15 28 27 16 8 1 16 5 3 28 16 19 2 5 28 19 28 11 16 21 3 3 28 5 28 27 2 28 7 11 1 3 8 27 14 28 16 2 28 25 9 23 19 2 11 4 5 28 28 28 5 28 28 1 2 1 28 4 2 5 5 16 18 28 16 5 28 5 18 10 28 28 28 18 28 28 20 1 16 5 2 6 2 28 28 5 8 28 28 11 16 28 23 13 18 11 15 11 21 28 26 9 28 28 18 8 19 1 9 28 19 5 9 8 12 28 28 16 8 12 28 3 28 27 28 18 19 28 4 19 28 2 8 4 11 21 23 28 1 28 28 2 23 28 4 1 16 28 28 28 23 28 28 5 16 4 8 28 5 7 7 15 6 28 28 8 28 16 23 16 28 3 23 28 5 1 2 11 5 1 28 28 28 7 23 28 28 28 3 10 15 28 11 21 28 2 16 11 28 1 11 2 28 18 28 28 28 6 28 28 6 28 2 10 12 28 28 28 19 2 1 26 8 28 18 21 28 28 28 27 19 28 11 28 28 11 28 27 3 14 6 11 5 1 28 8 10 2 28 2 28 28 19 28 7 9 15 4 6 1 28 2 28 16 28 2 19 9 16 25 28 3 2 28 11 8 11 26 19 28 8 11 5 8 28 28 28 28 1 1 28 10 27 11 18 28 18 1 27 28 28 3 6 2 3 1 19 6 25 1 28 15 18 28 10 19 2 11 2 28 7 28 28 9 28 18 5 8 8 5 28 28 11 4 2 19 28 28 11 25 5 25 28 25 26 9 19 28 10 11 28 28 28 28 28 11 25 3 28 8 28 2 28 28 21 1 28 1 3 26 28 28 27 28 1 28 28 16 1 18 28 2 22 8 28 5 28 28 8 28 28 28 28 15 10 16 5 28 16 28 11 21 14 16 28 7 4 12 28 1 10 28 19 2 28 8 3 28 28 16 21 28 28 28 28 11 28 26 28 28 16 7 21 28 11 5 16 16 8 16 1 28 28 18 14 28 28 10 8 28 5 28 2 28 26 19 21 28 28 28 8 25 1 10 18 18 5 4 1 28 8 28 8 6 28 26 7 28 28 28 6 28 28 5 28 28 11 1 11 19 28 19 5 1 7 7 6 1 28 28 25 3 28 28 28 11 28 2 1 1 28 4 7 6 1 2 28 4 6 28 27 8 16 2 18 11 1 5 7 4 4 28 8 4 12 28 19 19 5 28 28 26 26 28 10 5 5 4 28 5 19 5 28 28 6 27 2 2 28 28 18 28 28 15 28 6 4 28 18 5 15 28 3 28 5 28 1 28 28 26 28 28 5 28 12 28 28 7 19 26 14 28 1 18 6 5 28 23 18 2 28 16 16 28 12 28 16 28 6 1 28 12 16 28 28 10 7 28 15 16 5 4 26 11 28 28 28 28 27 28 8 28 28 7 15 23 11 23 28 28 28 28 7 28 28 1 26 28 16 28 4 4 21 7 28 28 11 16 28 28 7 8 18 28 16 28 3 15 1 5 28 20 28 23 26 6 28 14 28 10 28 3 28 28 10 11 21 8 28 28 7 1 28 26 28 28 15 28 28 7 28 5 19 1 26 25 11 2 4 28 28 28 28 27 7 5 28 28 3 8 5 6 28 28 5 2 1 3 28 7 28 28 28 28 15 28 28 28 27 1 1 19 7 28 28 28 5 16 13 28 28 28 16 28 28 1 4 28 4 11 28 1 28 22 21 14 11 16 2 1 5 11 14 28 2 27 26 11 1 28 28 28 28 28 23 8 28 5 14 19 4 1 25 5 11 27 28 3 6 28 18 28 15 4 28 1 18 27 28 19 16 26 28 1 28 8 5 14 1 28 28 28 3 21 3 16 15 21 3 19 28 6 2 3 28 28 28 27 1 12 5 27 2 4 19 28 28 4 1 28 28 2 28 28 13 19 10 7 28 11 11 28 28 28 28 1 4 8 15 5 28 28 19 28 15 8 8 1 7 1 28 2 8 14 16 4 28 28 28 3 18 8 2 28 21 26 21 28 28 1 28 16 28 26 1 11 10 3 7 28 10 28 9 28 1 16 28 7 21 28 10 5 15 7 28 27 12 28 28 28 28 21 26 11 28 1 18 25 15 2 28 28 10 15 28 7 28 1 28 16 15 11 28 18 2 28 3 12 28 11 19 26 28 28 27 28 28 1 28 28 28 4 28 28 28 2 28 4 28 13 4 28 18 28 5 28 14 28 28 8 5 28 16 2 2 28 27 16 10 28 28 28 7 28 9 28 1 27 27 21 28 28 28 4 28 2 25 11 11 28 5 15 28 19 28 28 28 28 28 28 4 28 28 14 28 28 11 6 28 2 5 18 16 1 28 4 1 7 28 16 16 1 8 28 2 28 21 16 28 5 21 5 28 28 28 16 21 12 5 28 4 7 28 3 28 2 2 5 28 6 4 28 28 14 28 16 28 28 5 23 9 8 23 1 1 2 5 4 28 19 2 27 1 1 26 12 5 26 9 4 28 16 28 7 15 28 19 10 1 15 28 16 28 5 23 26 28 27 13 13 28 1 19 6 19 26 16 5 1 16 19 28 11 28 4 18 1 10 5 28 28 2 14 28 28 1 4 4 4 12 28 10 1 6 7 28 28 6 4 28 5 28 11 4 21 7 28 1 8 28 19 7 28 28 19 21 2 26 28 28 28 26 26 1 4 1 28 16 6 5 28 3 26 4 28 1 14 28 28 28 25 28 28 28 1 2 16 5 8 3 28 19 14 28 28 1 7 28 8 5 5 2 12 28 10 1 16 8 1 1 26 2 28 1 28 22 6 28 7 28 28 28 28 28 28 10 28 11 8 8 27 11 11 16 5 27 3 2 1 28 28 7 26 1 5 28 28 1 28 5 21 28 5 1 2 28 28 28 7 8 28 4 28 28 28 28 27 28 1 28 28 28 28 26 11 1 28 19 28 28 4 28 16 8 28 4 23 21 11 10 28 28 4 28 5 1 28 5 3 2 1 11 26 28 28 26 12 4 26 1 23 6 9 1 28 6 28 28 28 28 9 28 28 28 5 16 16 10 28 14 4 11 21 6 2 28 7 28 8 5 11 9 3 1 28 8 4 28 1 10 28 28 5 27 23 10 28 1 28 9 16 4 10 28 4 19 16 28 28 28 16 5 28 1 28,346 185 129 193 234 85 97 175 56 88 194 76 23 55 65 257 2 92 156 12 107 7 89 7 44 102 87 1580,346 185 129 193 234 85 97 175 56 88 194 76 23 55 65 257 2 92 156 12 107 7 89 7 44 102 87 1580,45.69472609999502,0.0472941498797266,0.0080463577242162,0.0370533591706841,-0.2022787372636581
patent,4987,9,6 9 7 3 8 7 1 7 2 7 8 7 8 8 1 8 8 3 2 7 2 1 1 7 6 8 8 7 9 9 2 1 5 2 1 7 8 7 9 1 2 1 6 6 7 2 6 2 1 7 3 8 1 9 8 5 1 7 2 1 1 7 7 5 9 1 8 7 8 8 8 7 1 3 2 8 6 8 1 9 5 5 8 7 1 3 2 1 2 7 9 7 8 2 7 8 7 7 6 8 1 9 2 9 1 9 7 8 9 6 7 8 7 1 4 8 1 7 9 5 7 8 7 6 2 6 8 1 8 9 7 7 3 1 9 6 1 8 7 2 9 9 1 2 9 9 3 3 7 7 1 7 2 2 2 7 9 7 1 6 2 3 8 7 7 2 7 1 2 8 1 2 5 6 8 7 8 7 5 1 8 7 2 2 8 1 8 7 7 3 7 8 3 8 7 9 8 7 6 8 7 5 7 2 5 7 7 7 7 3 7 7 3 6 3 1 8 7 6 6 1 1 1 2 7 9 3 8 7 9 1 8 2 7 8 1 7 2 1 2 7 8 1 7 9 7 3 1 9 7 2 8 3 8 7 1 7 3 1 9 5 8 9 9 1 7 1 6 7 9 3 8 6 7 8 5 8 7 7 8 1 8 7 1 2 1 2 7 2 8 8 3 7 8 7 7 7 8 1 1 8 7 9 9 7 9 8 9 2 2 5 9 6 3 8 8 8 7 8 3 7 9 1 8 8 6 1 8 1 8 7 8 2 6 8 8 2 6 1 4 3 2 2 9 3 8 1 3 2 5 7 8 6 9 1 8 2 8 7 7 8 5 8 3 1 3 3 2 8 8 6 3 8 8 8 9 2 7 1 1 9 7 8 3 7 3 8 1 8 8 5 1 9 7 8 7 9 7 3 8 6 3 3 3 1 2 3 1 6 8 8 8 1 1 9 6 2 8 3 1 2 2 7 9 8 3 3 5 7 6 3 6 6 2 2 1 9 7 1 8 7 6 7 8 2 1 2 8 2 6 2 8 8 9 8 7 9 7 9 7 9 5 1 3 8 9 3 8 8 8 1 3 8 1 7 7 6 8 1 9 7 2 8 2 1 5 3 9 8 1 8 8 2 7 6 7 3 1 2 9 8 8 1 3 1 3 9 9 2 1 8 5 9 7 3 1 3 7 1 3 7 9 7 5 2 3 1 1 7 9 8 8 8 7 5 5 8 2 6 1 8 1 7 8 3 1 8 1 7 7 7 2 2 6 9 7 7 1 8 4 1 3 6 7 6 3 5 8 2 8 7 8 8 9 8 1 9 8 8 9 7 1 8 7 1 8 2 7 9 7 7 7 5 9 5 8 2 7 7 1 7 6 1 5 9 3 1 2 7 3 2 1 4 7 8 6 4 2 9 8 6 5 9 8 7 9 7 7 3 9 2 2 8 5 7 1 6 8 8 2 7 8 8 8 8 2 2 2 1 7 3 1 9 8 3 8 3 7 7 8 2 3 1 8 9 8 8 7 1 8 7 5 9 7 7 2 9 7 9 2 8 6 6 7 8 9 9 6 7 8 8 1 8 7 1 5 7 2 7 8 1 4 8 8 1 7 7 1 1 6 3 8 9 7 2 3 5 1 8 2 8 7 9 8 7 9 8 1 8 7 7 7 3 8 7 8 7 2 6 7 7 7 2 7 1 9 7 2 5 3 8 7 7 7 3 8 3 2 8 1 1 6 9 7 9 1 3 3 8 1 2 1 9 7 1 8 7 9 6 7 5 2 6 6 7 7 9 7 1 6 7 9 9 8 1 7 8 8 8 8 1 2 8 3 2 8 1 7 3 8 3 7 5 2 8 9 8 9 5 6 9 6 2 7 7 8 6 2 7 7 3 3 6 8 9 6 8 6 3 9 8 7 8 6 9 1 9 9 7 1 7 7 8 7 2 3 6 8 6 6 1 9 5 2 2 8 7 3 8 2 3 2 1 3 8 6 3 8 8 7 3 3 7 5 7 2 3 8 7 2 2 2 8 7 1 8 3 6 2 1 1 8 2 2 1 1 1 2 1 2 3 7 8 2 8 3 8 1 8 1 1 7 2 2 5 1 2 1 8 7 7 9 7 8 9 7 7 1 9 2 7 3 1 7 2 8 2 8 6 8 2 7 8 1 1 7 7 2 1 8 3 2 7 9 1 9 7 1 1 5 8 8 9 7 8 3 3 1 2 7 8 8 8 7 7 2 9 2 2 9 8 7 6 4 8 2 2 7 7 8 7 1 8 9 8 8 1 7 8 1 3 8 7 7 3 3 7 6 1 7 3 8 8 2 7 8 8 1 1 2 1 3 7 4 8 7 3 7 7 5 9 2 1 3 7 8 3 2 8 7 2 7 8 2 7 2 5 9 2 2 8 9 2 5 8 1 2 2 9 5 2 1 7 3 8 8 6 8 9 7 7 1 1 7 7 5 3 8 2 1 2 2 1 2 7 8 1 8 5 8 9 1 7 7 2 7 1 8 1 9 3 7 7 8 2 9 7 6 7 6 7 8 3 9 8 9 7 2 7 9 3 5 8 2 9 9 8 7 1 7 7 7 9 9 2 7 8 8 1 1 1 7 8 7 7 2 8 2 7 5 8 1 2 1 7 6 8 9 8 7 7 3 4 7 3 7 7 2 1 1 7 9 9 1 7 1 7 3 3 7 7 7 7 1 7 6 5 8 5 8 7 2 7 7 5 7 9 9 6 8 8 9 8 8 7 8 3 1 3 1 2 9 2 1 1 8 2 5 8 1 1 6 2 7 5 2 2 9 8 6 8 4 2 7 8 7 9 7 7 1 7 9 1 3 2 6 9 9 9 7 9 7 8 1 7 7 3 3 8 6 8 2 8 7 5 1 7 2 8 7 7 2 9 8 1 8 8 7 2 8 3 8 7 7 8 8 6 8 2 8 7 1 7 7 7 2 5 7 1 7 8 8 1 3 2 8 3 9 8 8 6 9 8 8 9 8 7 8 8 2 2 2 7 2 6 7 2 2 7 1 2 8 8 7 3 8 7 8 7 5 7 3 6 8 6 6 8 7 8 2 3 1 5 9 7 8 2 1 8 1 1 8 2 1 9 1 6 3 1 9 7 8 8 8 9 7 1 8 7 8 5 7 5 1 5 1 1 9 5 1 8 6 1 9 8 7 8 2 2 8 7 9 6 9 1 7 2 3 8 7 7 8 2 8 8 2 1 1 8 1 9 8 1 2 7 9 8 8 7 6 6 7 2 2 7 3 8 7 8 1 9 3 3 6 9 7 6 9 1 2 7 7 3 8 8 9 8 4 3 8 8 8 9 8 8 7 8 8 4 3 4 2 1 4 2 2 9 7 6 9 8 8 8 1 7 1 8 9 3 3 1 7 7 5 1 8 7 6 3 6 8 9 8 8 1 7 2 1 7 7 8 7 4 7 9 3 7 1 9 8 7 2 8 1 2 1 9 2 9 7 7 7 2 3 2 8 2 3 9 6 8 1 7 8 7 1 1 1 9 2 1 1 6 7 2 6 7 6 7 5 7 2 8 2 5 7 2 1 8 3 7 3 2 7 9 2 2 7 2 9 1 1 9 1 8 7 6 2 7 8 8 9 7 5 2 7 7 1 9 2 6 1 7 8 8 2 8 8 1 2 8 8 9 7 7 7 3 7 1 7 1 7 8 6 8 1 8 9 9 2 7 1 5 8 2 2 3 6 1 2 2 8 8 2 7 1 2 7 7 4 2 3 7 8 7 3 2 1 7 9 2 8 1 1 7 7 7 8 9 2 8 9 2 8 7 9 9 1 3 7 9 2 8 8 8 7 9 9 3 1 1 7 1 9 9 9 1 1 7 8 2 6 1 6 7 1 8 1 7 6 8 1 7 5 1 1 7 7 7 7 7 6 8 8 7 8 2 8 6 6 2 8 8 8 9 9 8 2 1 2 9 2 7 3 7 7 1 5 1 2 7 1 8 8 8 9 7 8 7 9 7 7 8 3 8 8 6 8 1 8 3 3 2 1 8 7 8 2 1 1 7 8 2 8 3 8 1 7 9 8 8 7 8 7 7 2 9 3 1 2 7 1 8 8 7 7 8 2 7 8 7 8 8 3 9 1 8 8 2 7 6 1 7 8 1 7 2 2 1 2 7 9 1 3 1 2 8 8 8 8 7 1 7 7 2 8 7 8 6 7 9 4 8 6 1 1 8 8 1 7 8 8 6 2 7 6 6 3 8 9 9 9 1 9 2 3 1 7 1 8 8 1 8 8 7 8 8 2 8 9 7 9 4 7 5 8 7 3 7 2 3 3 2 8 1 2 2 1 7 7 7 7 9 9 7 9 1 7 8 1 8 1 1 1 6 7 7 2 1 8 9 8 8 6 6 8 1 1 1 9 2 7 7 2 5 2 9 7 7 2 2 1 7 5 8 7 6 2 8 8 5 6 6 1 6 2 2 7 1 2 6 1 9 5 9 3 9 7 2 8 3 8 3 7 7 8 2 2 3 8 2 2 9 7 6 8 3 8 1 2 3 9 6 6 1 2 1 7 1 7 8 8 6 5 7 4 4 7 3 2 1 3 7 7 1 8 7 1 7 8 1 9 8 7 1 9 6 7 8 8 9 2 9 2 3 7 7 3 1 7 7 3 8 1 8 7 7 7 7 1 1 7 2 7 2 1 7 7 8 8 1 6 7 6 8 6 2 7 2 9 2 7 8 7 2 1 1 2 8 9 8 7 2 9 1 3 7 7 2 4 7 1 1 2 7 8 3 5 7 6 9 6 9 4 8 6 3 1 3 7 8 7 7 7 8 7 7 6 1 7 8 6 3 1 7 6 6 7 8 2 1 7 7 7 9 2 6 7 7 9 6 2 8 8 9 8 8 7 8 1 8 7 7 5 2 8 8 5 8 6 2 7 7 8 7 7 1 7 1 7 3 1 1 6 6 8 2 2 8 7 1 1 2 7 1 7 2 2 7 1 2 7 6 1 6 3 1 2 7 5 2 2 6 2 8 3 2 8 1 8 9 7 2 3 6 8 6 8 7 8 9 2 7 6 9 2 5 7 1 8 2 8 8 9 8 1 6 8 9 8 8 7 3 9 3 1 5 8 5 8 1 2 6 7 1 1 8 3 9 8 7 9 1 8 9 8 7 2 2 8 3 1 6 8 3 1 9 1 6 8 1 7 3 3 1 9 2 3 5 7 6 6 1 8 2 7 8 7 9 6 7 2 5 7 8 2 2 1 1 8 9 9 1 2 2 7 7 3 7 5 8 8 8 5 2 1 9 9 8 8 7 1 1 7 8 2 1 5 1 7 3 9 2 3 7 7 2 5 1 7 7 7 7 3 7 1 8 1 8 7 1 1 3 1 1 8 8 9 1 1 8 7 7 7 8 2 8 1 9 8 1 2 7 8 7 9 9 3 8 8 8 8 8 7 3 8 2 2 7 6 8 7 7 8 1 5 7 4 8 3 9 8 2 7 3 7 1 5 8 8 7 3 8 8 1 4 1 1 8 7 9 1 8 2 7 8 9 2 4 7 3 7 6 4 8 8 2 3 2 6 7 2 4 5 7 3 6 6 2 2 1 2 3 3 8 9 1 9 5 8 6 5 1 7 1 7 7 8 6 1 9 2 8 7 2 3 7 1 1 3 6 7 9 7 2 2 9 9 1 9 8 8 2 7 8 7 9 2 7 9 3 7 2 2 7 8 2 8 7 4 1 9 7 6 2 8 7 8 1 3 7 8 1 2 6 9 1 8 6 8 6 1 9 7 6 8 7 9 9 7 7 7 7 7 9 6 8 3 9 6 5 9 2 6 5 6 8 8 7 3 6 3 7 5 9 8 2 9 8 2 8 7 1 9 7 3 8 2 8 8 7 8 3 7 7 1 1 8 1 7 8 1 7 7 1 1 2 7 7 8 1 3 8 9 3 1 7 8 8 1 6 8 7 2 1 2 3 5 7 7 9 4 1 2 2 1 9 7 3 6 2 1 6 3 1 7 3 6 8 6 2 7 7 7 3 6 2 8 7 7 1 1 7 9 7 9 7 8 8 6 8 7 1 7 7 8 8 9 7 5 7 8 7 8 7 7 8 8 9 9 6 9 8 2 1 9 9 6 8 1 8 6 8 7 2 9 7 9 1 8 8 3 3 7 8 1 5 6 7 7 9 9 8 2 8 9 7 8 2 8 9 2 3 2 9 8 3 8 9 1 8 5 2 1 8 1 2 1 8 7 7 7 1 6 6 7 8 1 2 1 8 9 9 8 8 2 9 1 2 7 7 7 9 7 8 9 3 1 2 7 3 1 8 8 7 3 7 6 8 3 1 7 8 9 9 3 2 1 1 2 7 7 6 2 8 8 1 6 1 8 3 1 8 8 7 8 9 5 7 2 2 7 3 2 2 8 1 7 9 2 7 1 8 1 7 7 6 8 1 5 9 4 7 8 3 7 3 7 1 7 7 3 1 9 2 7 8 3 2 1 8 6 1 8 7 3 1 8 1 9 7 2 2 8 9 7 8 6 1 1 4 3 2 7 9 7 7 4 3 3 1 9 8 8 9 1 9 7 2 8 8 6 8 9 3 6 2 7 7 5 2 1 1 1 1 2 3 7 8 3 6 3 7 2 8 6 9 9 3 7 7 2 7 2 3 2 6 6 7 7 8 7 7 2 1 7 7 1 8 8 7 6 6 7 8 6 6 6 1 1 7 6 6 2 1 2 2 7 6 3 8 7 8 8 1 3 8 8 8 6 8 6 7 3 7 1 8 7 3 8 8 7 8 8 1 7 2 1 8 5 5 7 1 2 7 6 1 2 1 7 2 3 7 7 7 9 7 8 2 6 1 3 2 8 3 6 8 3 1 7 7 7 8 5 8 8 7 7 8 7 8 3 3 1 1 7 7 2 6 2 1 1 2 9 5 8 7 1 1 8 2 1 1 7 7 8 8 8 3 7 5 2 7 9 7 5 8 6 7 2 3 1 1 7 2 1 8 5 1 2 2 7 1 2 2 5 9 7 9 1 7 9 9 2 1 9 3 9 7 2 1 8 1 8 8 7 1 2 8 9 8 8 8 3 2 2 8 8 6 2 9 1 1 7 1 1 6 1 1 1 7 9 7 7 7 7 2 7 6 4 1 7 8 5 1 1 7 2 2 2 1 1 9 1 9 7 1 1 8 5 7 1 7 9 2 2 1 9 6 8 2 2 1 7 7 1 8 2 1 1 8 8 8 2 2 1 2 7 7 8 9 9 9 8 8 9 7 2 7 3 8 7 7 3 9 1 9 8 1 2 8 7 1 6 2 8 2 7 8 7 3 8 9 1 7 7 1 7 2 8 9 1 3 8 8 7 6 7 7 7 1 2 7 6 8 3 9 8 1 3 1 8 7 7 3 2 7 8 4 1 2 2 2 1 7 8 9 8 8 7 1 3 1 7 2 9 8 7 3 1 7 7 8 8 6 2 7 2 7 1 6 6 6 7 3 1 3 8 7 1 8 6 6 9 1 8 8 7 9 5 7 8 8 1 2 2 3 9 2 7 6 8 7 2 1 8 8 1 8 7 8 7 2 6 2 9 7 7 7 9 1 6 2 8 2 2 2 9 8 9 3 8 8 1 1 3 4 8 7 8 8 2 3 7 9 7 8 2 9 8 2 3 2 8 7 8 7 3 9 8 6 8 6 8 2 7 1 9 1 8 8 9 1 4 7 8 7 7 8 9 8 5 7 7 8 8 7 8 9 9 6 6 6 2 7 2 9 8 6 3 5 8 9 1 8 7 1 1 3 6 7 5 1 3 2 1 2 8 1 3 3 2 1 3 3 5 2 7 2 3 6 8 2 6 8 8 9 8 1 6 1 1 2 1 7 8 7 2 5 7 7 8 8 1 1 7 1 7 7 6 1 2 7 3 6 2 3 1 7 1 7 7 8 7 1 2 2 8 6 8 8 7 9 9 1 7 6 8 1 8 8 7 1 6 1 2 7 1 9 8 2 1 7 7 6 3 8 2 7 1 2 3 5 9 7 8 2 8 7 5 6 2 6 9 8 2 7 1 9 8 8 5 2 8 2 1 8 1 1 8 9 1 1 6 7 3 1 2 8 2 7 9 7 1 6 6 1 9 7 7 1 6 9 8 2 7 7 7 2 3 8 8 7 2 6 9 1 1 9 2 8 6 8 1 8 2 7 2 1 8 2 3 7 5 1 8 2 9 6 7 7 2 1 8 2 6 9 7 7 6 7 8 7 6 1 7 9 8 1 8 4 2 1 9 1 6 3 8 2 1 1 1 8 6 6 1 2 8 7 7 7 6 4 3 1 8 7 2 8 9 8 1 7 6 8 6 1 7 8 5 2 6 8 1 7 3 9 7 1 6 8 8 1 1 1 3 7 6 2 8 1 6 1 1 2 7 8 3 7 2 8 2 8 9 8 3 3 1 2 6 1 3 7 7 8 6 7 2 7 1 1 2 7 9 1 1 9 1 6 8 8 3 4 7 7 7 1 6 7 6 8 3 7 9 1 7 6 2 8 1 1 3 7 7 9 3 1 8 7 3 9 9 8 7 2 2 3 7 6 2 7 7 2 8 7 2 1 7 6 8 7 7 2 6 7 1 1 7 8 7 1 8 9 8 7 7 2 9 6 8 7 8 9 8 2 2 8 3 1 9 8 8 7 1 9 1 1 6 7 4 7 1 9 9 7 2 7 7 7 6 9 2 8 8 5 3 8 8 8 6 4 2 8 7 6 9 1 8 8 7 7 1 1 9 7 9 1 3 3 2 2 6 7 2 8 2 1 3 7 2 1 8 3 7 8 2 2 8 9 7 9 5 6 6 7 7 9 2 8 2 8 2 7 9 2 3 2 3 1 3 2 1 8 2 8 7 7 7 1 8 7 1 2 8 2 6 8 8 8 8 1 8 1 8 2 1 9 9 9 9 8 7 8 3 2 8 7 8 9 8 6 1 1 1 7 7 6 8 8 2 7 2 8 2 3 3 8 2 7 8 7 1 8 6 1 8 8 3 7 2 6 6 3 7 7 7 8 1 7 2 8 1 3 8 9 1 8 7 7 8 8 3 6 8 1 1 8 7 6 3 8 3 5 2 7 2 8 3 7 1 8 9 1 7 2 7 9 8 7 8 1 7 7 5 1 2 2 1 8 7 6 8 9 7 7 1 7 6 9 7 7 7 8 1 1 1 8 3 3 4 8 7 2 2 3 3 7 1 7 9 3 1 7 2 1 8 8 9 9 1 7 7 8 5 7 1 9 1 7 5 1 2 8 2 7 3 3 7 8 8 5 8 1 2 5 2 3 7 8 9 7 8 8 8 3 5 9 1 7 9 7 7 6 2 7 7 1 8 8 8 8 7 7 9 8 2 6 3 7 8 6 6 7 8 9 7 7 3 7 2 6 9 8 9 8 1 6 1 7 8 1 8 7 3 1 1 7 6 3 7 2 7 8 9 3 4 8 1 7 2 7 1 3 7 8 9 1 7 1 8 8 8 2 6 1 7 7 8 7 2 2 7 7 8 8 7 7 9 3 8 2 2 8 9 1 8 7 2 2 7 6 9 9 7 8 2 2 8 8 1 1 2 3 7 7 9 7 3 1 9 8 1 7 7 3 9 7 6 8 6 1 9 8 9 7 8 1 7 1 1 7 2 2 8 3 9 7 3 8 6 7 2 8 6 9 2 8 2 3 9 1 7 7 3 3 7 7 8 8 1 1 7 2 2 7 2 3 7 7 8 2 6 8 7 1 8 1 9 8 2 3 5 7 7 7 7 8 2 9 7 7 7 7 2 2 1 2 9 3 3 8 8 7 8 8 7 8 6 9 8 8 1 9 1 3 2 2 7 8 8 6 1 1 6 7 8 9 8 7 8 8 9 2 1 2 7 7 3 1 7 7 7 8 7 2 8 8 5 2 8 9 7 9 5 9 1 6 8 7 9 7 1 7 7 1 8 9 6 6 8 2 8 2 3 2 8 9 7 2 8 2 8 8 8 6 5 9 2 7 8 8 7 7 1 8 3 6 2 7 7 7 3 2 1 1 5 7 6 7 7 1 8 1 8 8 7 7 1 9 8 6 8 8 8 1 9 6 8 9 8 2 7 8 7 7 3 8 8 7 8 2 2 3 8 8 8 6 9 4 7 7 5 2 3 8 5 1 8 9 8 7 8 2 8 7 2 3 7 8 7 8 7 6 3 9 7 9 5 7 3 2 1 8 6 2 8 2 7 8 7 6 8 2 2 8 6 2 2 6 9 1 2 6 8 9 3 2 9 8 8 2 6 9 8 6 7 2 8 9 2 2 2 8 3 3 1 7 1 7 9 1 7 2 7 9 9 1 8 8 1 9 9 1 3 3 6 7 7 7 9 6 7 1 1 9 8 5 8 2 3 1 7 6 8 1 2 6 2 7 2 2 7 1 9 6 1 9 9 9 3 7 1 1 8 2 8 3 7 2 8 7 6 8 8 7 7 1 7 2 2 9 6 3 6 5 7 1 2 8 2 8 7 7 2 2 7 8 6 7 3 8 7 1 7 2 6 5 1 7 2 2 1 7 1 7 2 8 3 8 7 9 8 5 9 2 2 8 8 7 3 1 8 7 8 7 1 3 2 7 7 7 1 9 6 1 7 1 8 7 7 8 7 6 2 9 9 1 7 5 1 7 9 2 7 1 9 1 1 2 5 7 7 7 7 9 8 9 8 7 1 7 7 7 1 3 8 1 8 7 1 9 1 7 3 9 2 8 9 8 8 5 3 5 7 1 7 8 7 1 8 7 6 5 8 7 9 7 5 3 9 1 1 8 1 1 1 9 8 9 1 9 1 5 7 3 7 1 3 7 9 6 2 2 8 7 3 7 9 9 2 7 7 6 3 3 2 3 1 8 1 8 7 9 7 2 9 7 7 6 7 7 5 8 2 3 8 1 8 1 9 8 8 9 8 7 1 7 6 7 2 3 9 3 1 9 9 1 1 7 9 1 1 8 7 3 9 2 9 6 1 8 8 8 7 8 7 8 5 1 1 7 7 9 5 7 1 6 7 1 6 7 7 1 7 6 1 6 8 3 7 3 2 9 3 7 3 8 7 8 8 8 5 1 1 2 7 1 3 9 2 7 3 2 6 1 3 6 8 8 1 2 9 7 8 2 3 7 8 1 2 6 2 7 8 8 7 8 3 8 8 3 5 6 9 7 7 6 6 7 8 8 9 2 3 9 7 3,9 2 7 2 3 8 7 3 9 1 2 1 1 7 8 7 7 7 9 6 1 7 7 7 5 3 9 7 8 8 3 2 7 2 6 9 3 9 1 1 2 6 6 9 9 7 1 1 8 7 2 7 7 1 2 8 2 8 3 9 2 7 8 1 6 1 2 8 8 1 2 8 6 2 9 8 7 2 1 6 1 8 8 8 2 7 9 8 3 7 8 9 8 1 2 1 1 6 1 2 7 8 1 7 7 7 8 2 3 3 3 7 8 1 2 1 2 6 1 1 8 1 1 7 2 1 3 1 3 7 8 8 1 2 1 8 1 7 7 1 7 7 2 5 1 7 7 3 8 6 7 7 2 8 8 8 7 9 3 7 7 7 8 7 8 1 5 2 2 9 9 7 7 7 1 7 1 8 8 2 8 8 2 1 9 7 9 2 9 7 3 3 7 8 9 3 9 8 2 7 8 7 7 7 9 3 7 3 8 7 3 8 2 8 7 9 1 4 1 7 1 5 8 7 3 3 6 1 9 3 2 9 8 2 1 1 2 2 2 5 8 4 8 8 7 6 1 2 7 2 7 8 1 1 7 7 6 3 2 7 9 7 8 2 2 8 6 3 7 2 7 7 7 7 2 7 7 6 8 7 1 7 7 8 7 9 6 1 7 6 8 8 8 8 6 6 8 1 2 9 3 7 7 2 8 1 8 2 1 1 9 9 1 1 7 2 9 7 7 7 1 3 7 7 8 9 8 7 5 7 8 9 2 7 1 7 1 1 8 3 7 8 8 7 8 3 2 8 9 8 8 9 3 6 2 2 8 3 7 8 7 2 1 1 2 9 7 6 3 8 8 8 7 7 8 1 7 8 3 7 7 8 9 1 9 8 8 6 8 9 8 7 8 1 7 8 7 6 8 7 1 7 6 5 9 1 7 8 6 2 7 6 1 3 7 9 4 7 1 8 1 7 7 3 1 1 1 8 1 9 3 6 1 1 7 5 7 8 5 1 3 6 2 1 9 1 9 8 8 2 8 9 5 7 3 8 8 8 8 7 3 3 7 2 6 2 6 7 7 1 2 7 7 7 7 9 7 7 7 1 8 7 9 7 1 3 8 7 7 8 1 1 3 9 7 1 1 3 2 3 1 1 2 8 5 4 1 2 7 3 7 2 7 7 9 1 6 5 9 6 7 9 8 7 7 7 8 7 7 8 7 7 4 6 7 7 4 8 1 7 8 2 8 7 8 8 8 6 7 9 3 2 7 8 1 7 1 3 2 1 9 9 1 8 7 8 9 8 6 8 2 7 8 7 2 9 7 7 7 7 8 7 8 1 8 9 7 9 7 7 7 1 1 6 9 3 2 9 2 7 8 9 7 8 6 8 9 6 7 7 9 9 8 7 7 6 8 8 1 1 7 8 3 1 8 3 6 9 9 8 8 7 7 7 2 5 8 1 1 7 7 3 1 8 7 1 6 7 8 7 8 9 1 3 2 8 2 7 7 9 3 6 1 7 6 3 6 8 9 8 7 9 3 7 4 2 1 7 7 2 9 1 2 2 3 2 2 7 3 1 7 8 8 1 7 8 7 8 7 7 8 8 7 7 8 7 7 7 9 6 1 8 2 2 1 9 1 9 7 7 1 6 9 8 7 7 7 8 8 7 1 7 2 8 8 8 8 7 9 6 1 8 8 7 7 7 2 1 2 2 8 6 7 6 2 2 6 1 1 4 8 8 7 1 8 7 7 7 7 8 8 2 3 8 8 7 7 3 7 8 9 9 1 2 7 2 8 2 9 7 8 8 6 3 7 2 3 7 9 2 1 8 6 8 7 1 2 7 8 7 8 7 2 1 1 3 8 9 2 1 1 1 2 8 7 1 1 7 8 7 8 8 1 8 7 7 1 8 1 1 9 2 9 2 2 1 1 2 7 1 7 7 8 7 2 8 7 7 8 2 5 3 5 2 2 3 8 8 8 5 8 7 2 7 8 8 2 3 7 8 2 5 6 8 1 8 1 3 8 3 1 7 3 5 9 6 2 7 7 5 2 9 8 6 6 6 1 2 8 8 7 1 7 3 2 7 8 2 8 9 7 2 2 9 9 8 1 3 2 7 7 8 7 3 7 8 2 9 7 2 8 1 9 3 3 9 1 1 8 9 2 6 8 7 1 9 8 7 9 8 1 9 7 1 5 3 9 8 5 8 6 3 8 5 3 2 2 8 5 6 8 8 3 9 8 5 7 1 7 6 1 9 2 1 3 2 8 2 9 3 9 6 3 3 6 7 2 1 8 7 1 1 1 8 1 7 2 8 1 9 6 8 7 8 7 9 3 3 2 8 9 1 7 8 2 8 2 8 6 7 6 6 6 6 2 2 8 7 3 7 8 1 7 9 8 3 1 3 1 8 8 1 1 5 7 5 9 8 7 2 5 8 1 7 2 8 9 2 2 3 7 5 6 8 8 1 9 8 2 6 7 1 6 2 2 3 9 3 1 6 7 2 7 8 1 1 8 1 7 9 1 8 1 9 6 8 2 1 7 6 3 1 8 8 2 3 9 1 1 1 3 8 7 7 7 2 6 7 2 9 6 8 7 9 6 1 8 2 5 9 8 3 7 8 8 2 9 8 7 2 9 2 7 9 2 9 3 3 9 1 1 9 6 9 6 3 1 7 8 1 1 8 2 2 3 5 6 8 7 8 2 2 2 7 7 8 7 1 8 8 8 1 2 8 2 9 8 5 8 1 7 7 9 5 3 1 5 7 2 2 9 5 7 7 2 8 6 8 1 8 8 2 5 1 2 8 4 1 5 2 8 2 2 7 1 2 1 8 3 6 7 1 2 6 9 4 6 7 3 9 6 2 1 2 7 6 8 8 8 2 9 8 2 8 1 7 3 2 1 8 8 9 1 8 6 2 1 1 7 7 3 8 8 7 9 8 1 8 7 1 6 2 1 8 7 1 2 8 7 9 7 9 2 3 1 8 7 8 3 7 8 7 7 1 1 3 7 7 3 2 7 8 1 6 1 1 8 7 3 7 6 5 3 7 2 8 8 8 7 6 7 7 9 1 7 2 7 1 5 2 8 7 8 7 7 7 5 8 8 1 5 7 8 7 7 2 9 1 3 1 9 7 7 7 7 7 2 6 2 1 2 7 1 9 2 6 3 6 1 2 8 5 8 7 7 1 7 9 8 3 8 3 7 7 6 7 1 1 7 9 7 1 8 3 1 1 8 9 7 8 7 1 8 8 7 1 3 7 8 8 5 7 8 2 3 6 9 2 8 7 1 7 2 2 7 3 6 3 1 9 8 7 8 7 2 7 7 6 7 7 7 7 9 8 8 8 1 2 3 1 9 1 9 7 2 9 9 3 5 1 7 7 7 2 3 9 1 3 3 2 8 7 1 7 8 8 8 7 1 5 1 1 7 8 6 1 7 6 2 9 2 1 2 6 7 8 2 8 1 7 1 1 7 9 7 6 8 9 6 1 8 3 3 9 7 9 1 7 7 8 7 2 5 7 6 3 2 2 7 7 2 7 2 8 7 6 6 2 7 7 8 7 2 9 8 7 6 6 5 6 7 7 2 1 1 1 1 7 7 8 2 7 7 1 2 9 8 1 7 5 5 3 2 8 2 3 9 2 7 7 6 2 2 7 7 5 1 8 7 1 7 5 1 8 1 8 8 7 2 8 6 8 1 6 8 8 3 1 3 8 1 2 7 9 2 2 8 7 6 2 2 7 2 2 8 2 9 6 8 8 6 8 3 2 9 2 7 6 8 7 2 3 9 2 7 3 8 9 1 8 3 8 8 8 7 3 7 7 8 1 6 8 3 2 6 7 6 7 8 9 1 7 9 1 8 4 6 2 8 3 1 1 7 7 7 6 9 2 8 8 8 8 8 4 9 1 1 2 8 8 9 8 7 8 5 2 7 3 2 3 8 7 8 8 3 1 2 1 8 2 3 9 1 6 9 9 1 7 2 9 7 8 8 1 2 7 2 3 8 8 1 9 8 8 8 9 3 8 9 8 8 7 2 5 8 9 8 8 2 5 7 6 8 9 8 8 7 8 7 7 9 7 8 2 2 9 7 8 4 7 8 8 3 8 4 7 7 2 9 2 8 9 8 3 1 6 3 1 8 1 1 2 7 2 6 1 5 9 7 7 8 2 6 8 1 8 7 8 9 1 8 6 3 9 1 7 6 8 2 8 5 7 7 7 6 1 8 1 8 7 1 6 8 7 2 7 8 7 7 1 9 3 2 7 9 6 5 1 3 6 8 6 1 1 7 7 1 2 6 2 1 8 9 7 6 8 1 7 7 5 7 8 7 7 6 8 7 8 2 8 3 6 7 2 7 2 2 3 1 2 6 9 8 7 2 7 2 9 2 1 9 5 3 9 6 1 6 3 8 8 7 8 8 7 8 2 7 7 8 8 7 6 2 6 2 8 5 6 6 9 8 7 6 2 8 6 8 3 8 9 7 9 3 8 1 9 2 7 9 7 8 7 3 6 3 3 1 5 3 7 2 1 7 7 8 3 1 5 7 2 9 7 8 2 8 9 1 1 6 7 1 8 7 7 1 8 9 7 6 2 2 1 7 2 7 9 3 6 9 8 7 7 7 7 9 9 2 1 7 7 7 3 5 8 2 6 1 8 9 7 8 5 7 8 8 8 7 8 9 8 9 6 7 1 7 9 7 9 8 4 6 8 9 7 7 5 2 7 1 8 7 1 3 7 2 1 2 7 7 2 8 9 8 8 7 2 8 8 4 1 3 9 5 8 7 6 8 2 7 7 1 7 3 8 3 7 5 7 7 1 7 1 3 8 7 8 7 5 2 6 9 8 1 9 7 2 8 3 2 2 6 1 7 8 3 5 8 1 3 8 7 9 9 9 1 2 8 3 8 2 8 6 8 7 9 9 8 7 9 5 9 7 8 7 9 4 1 7 9 8 9 7 2 7 8 1 8 8 7 7 7 6 7 7 1 3 1 8 7 7 6 1 1 8 8 7 9 7 3 8 8 7 2 7 7 7 9 8 2 9 1 5 9 1 3 7 8 1 7 1 3 7 1 6 3 2 1 6 6 7 7 3 2 8 8 6 1 1 3 6 8 7 1 7 2 5 8 1 8 8 1 8 7 2 2 1 6 7 7 7 9 1 9 2 7 1 6 8 7 1 9 8 7 7 7 2 1 2 6 8 7 7 1 7 2 6 3 7 8 2 8 1 7 7 9 8 1 9 7 7 7 7 3 8 9 2 6 5 7 8 1 1 8 8 9 7 7 7 3 1 3 2 8 6 2 2 1 1 3 3 7 6 6 1 8 5 6 9 9 8 2 1 1 6 8 7 8 1 2 8 1 6 3 1 8 1 7 1 2 3 8 3 7 9 1 7 7 7 6 7 8 7 8 8 1 1 3 1 7 1 1 7 2 9 8 1 9 9 7 8 7 7 9 7 7 6 2 9 9 7 7 1 7 7 7 6 7 6 1 7 7 1 9 9 1 8 9 8 3 8 8 8 8 7 8 1 1 8 9 8 1 8 2 2 3 7 1 2 8 7 3 3 2 6 8 8 8 1 7 7 1 8 3 9 8 7 6 1 2 9 2 7 6 4 8 8 9 1 8 3 9 3 1 5 5 1 7 3 5 9 3 9 3 7 8 8 7 5 4 7 9 8 3 2 8 1 2 3 4 7 2 7 6 7 7 8 9 8 1 8 2 7 8 1 7 1 7 7 1 6 8 7 6 3 8 7 7 8 2 7 1 2 1 7 8 7 2 3 4 1 7 2 1 3 6 6 7 5 3 1 7 7 2 8 9 2 9 6 7 1 1 1 6 8 1 7 7 7 1 1 7 2 3 8 1 7 1 1 8 1 1 8 5 3 6 8 1 4 3 7 9 8 2 7 7 3 6 1 3 6 9 9 7 4 8 2 2 2 7 3 8 7 1 8 6 8 7 3 2 8 8 2 8 1 2 8 8 8 9 2 1 6 1 8 6 9 7 6 1 2 7 8 7 1 9 8 9 7 8 3 2 8 2 3 1 9 2 8 7 9 6 2 9 9 7 3 1 2 1 2 2 3 6 7 1 2 6 7 2 9 3 7 1 9 8 7 2 5 8 8 9 3 1 1 9 1 1 9 7 8 3 2 8 7 6 1 6 3 1 8 7 6 9 6 7 3 1 7 8 8 1 7 8 8 8 3 8 1 7 5 2 1 8 8 7 8 2 7 8 2 1 1 2 8 8 6 7 1 1 5 8 9 6 8 2 7 7 2 9 6 1 8 1 7 3 1 7 8 8 7 7 1 7 8 8 1 2 8 8 7 9 6 8 1 9 9 3 2 9 6 8 2 8 8 9 8 9 8 6 1 8 3 3 9 2 8 6 8 9 8 6 1 7 7 7 2 3 8 7 8 7 2 6 7 2 8 5 6 7 7 1 7 7 3 1 7 2 8 5 7 2 1 1 8 8 7 7 7 7 6 2 8 2 1 7 8 7 7 7 1 8 8 2 1 8 8 2 3 5 1 3 8 8 3 9 7 7 4 9 8 5 8 2 8 1 9 7 9 8 6 7 9 3 7 1 1 7 7 1 7 8 7 3 6 2 7 9 7 2 5 8 9 6 2 2 1 8 4 7 8 3 3 6 1 8 8 3 7 1 3 7 8 8 2 8 9 2 7 2 8 8 7 8 3 5 8 1 2 6 7 9 5 9 6 8 8 1 1 1 6 9 7 1 7 7 7 8 8 8 4 8 8 7 8 1 8 7 8 7 7 7 1 2 3 7 2 8 7 8 2 9 2 1 3 6 3 8 8 1 7 8 8 1 5 7 6 9 9 2 1 2 8 2 3 8 1 9 7 2 2 1 2 2 8 8 8 1 1 5 2 9 6 3 8 1 6 8 3 9 1 7 6 2 8 1 8 5 1 5 1 8 2 8 7 1 9 7 2 2 8 2 7 1 1 7 3 7 7 1 7 2 2 8 6 7 9 8 2 9 5 7 2 1 7 8 3 1 8 6 2 5 9 1 5 1 7 1 6 1 7 1 1 1 6 8 7 7 7 7 6 1 5 6 9 3 1 9 8 3 2 1 1 8 2 2 7 8 8 3 9 8 3 9 1 2 2 7 5 9 1 7 8 5 3 9 1 9 8 7 2 4 8 3 2 9 7 5 1 9 7 1 5 7 2 1 8 1 2 8 7 3 9 1 3 9 8 6 3 7 7 8 9 2 2 7 1 8 7 2 1 2 8 8 6 7 8 8 8 7 9 2 1 7 8 2 1 8 9 8 2 9 8 2 6 8 2 7 1 8 6 1 2 2 5 7 2 7 1 7 8 1 7 7 8 1 9 3 7 8 9 7 9 7 8 9 8 8 8 8 7 2 6 8 7 7 8 2 1 5 1 8 7 8 7 2 1 7 8 7 2 8 8 9 7 1 7 3 9 1 2 1 1 9 8 8 1 1 7 2 9 7 1 2 1 9 9 8 1 8 6 4 7 5 8 2 1 1 3 1 8 8 6 8 3 6 2 3 3 1 1 2 7 8 2 5 8 3 2 8 2 7 7 2 6 9 9 7 2 1 7 7 7 9 9 2 7 8 9 8 3 8 1 2 8 6 9 2 1 4 7 7 8 8 9 5 1 9 2 7 2 8 6 8 8 1 8 9 7 7 2 8 2 2 1 7 7 9 8 3 6 5 7 8 7 7 2 7 7 8 9 1 2 2 2 8 2 6 7 1 1 3 8 2 7 8 9 9 7 1 7 2 3 1 8 3 3 2 7 8 7 9 1 7 8 7 6 2 9 2 7 2 8 7 7 2 8 8 7 7 9 6 9 2 7 8 9 2 7 2 7 8 7 9 8 1 6 8 7 3 3 7 2 5 8 7 7 2 9 1 8 7 2 3 2 5 9 1 8 7 1 1 8 2 8 2 6 7 2 2 7 3 2 8 2 3 6 8 9 7 7 6 9 1 1 8 3 1 1 7 8 9 7 2 9 6 1 1 9 3 8 1 8 7 8 7 1 8 3 9 8 8 3 1 6 1 3 6 8 8 7 7 8 8 7 1 7 8 2 9 7 3 2 3 1 7 8 1 7 1 9 3 2 8 2 5 9 7 2 8 3 7 1 8 2 9 7 2 7 7 3 2 5 1 7 4 8 7 7 1 6 8 8 7 2 1 8 1 8 6 2 9 5 3 2 1 7 7 9 6 8 8 1 7 1 2 8 6 3 3 1 8 3 2 2 7 7 1 3 2 1 8 2 2 1 1 8 8 8 6 7 1 5 6 7 1 2 6 6 7 6 8 9 1 7 2 8 3 7 8 1 9 7 8 7 8 7 8 7 8 7 1 3 2 8 7 3 7 8 9 3 9 2 1 8 1 5 7 7 8 1 9 8 2 9 2 2 7 1 1 6 8 8 1 8 1 8 2 9 2 7 9 6 2 4 7 5 7 5 2 8 1 5 3 1 3 1 8 1 8 1 9 7 2 1 1 9 7 2 7 7 9 2 8 7 8 1 9 1 7 1 9 6 5 5 8 7 7 1 7 1 8 7 8 9 2 9 5 1 7 7 9 1 8 8 6 1 6 7 9 2 6 8 2 8 2 1 3 7 7 7 7 2 8 2 7 5 2 7 8 1 7 1 7 8 1 7 1 1 1 1 7 6 7 7 1 3 3 9 2 3 8 7 1 8 1 2 5 8 8 5 3 9 2 7 8 1 7 2 7 9 2 8 8 7 1 7 7 8 8 5 7 2 9 3 8 1 2 1 5 7 8 8 2 7 1 1 1 7 7 6 3 6 8 8 3 7 2 9 3 7 2 9 9 7 1 9 1 9 9 6 3 2 8 8 5 8 3 2 9 7 8 8 8 2 8 3 8 2 4 7 5 8 3 2 8 7 6 2 9 3 8 9 2 8 3 6 3 3 8 1 2 1 1 9 8 6 8 3 6 1 7 1 1 5 8 2 1 1 6 8 8 7 5 8 9 8 6 7 3 9 7 1 7 1 9 7 8 8 7 2 8 3 9 9 7 8 2 3 1 9 9 9 6 7 8 9 7 8 6 6 9 4 8 5 7 1 9 6 8 4 7 9 9 3 6 6 7 1 4 6 1 5 3 7 9 7 8 7 2 7 7 9 8 2 1 3 3 3 8 7 7 8 1 9 5 8 2 5 1 6 9 8 7 6 1 8 6 7 9 8 1 1 1 2 5 7 1 1 6 9 8 7 9 8 9 9 8 7 7 2 2 2 3 2 7 8 7 9 8 8 7 5 2 6 1 8 7 1 2 8 7 5 7 3 2 9 6 7 7 1 6 8 2 9 8 6 9 9 1 8 6 7 7 8 7 7 1 7 8 1 7 1 7 6 3 8 5 3 8 3 9 8 7 9 7 2 9 8 7 6 1 8 9 1 1 8 7 8 7 7 8 6 1 8 7 3 1 2 8 7 2 7 7 6 9 2 2 8 8 7 9 3 7 3 1 3 8 9 8 2 3 2 2 9 7 1 1 9 8 8 9 7 6 8 2 7 8 2 6 2 2 3 8 6 7 5 3 7 7 8 9 8 7 2 9 1 9 8 2 9 8 2 9 9 7 2 2 7 9 8 2 8 1 3 7 3 5 1 2 3 7 2 7 7 1 1 8 1 7 9 2 7 3 7 1 9 8 1 3 1 1 2 8 7 7 1 8 2 7 3 1 7 3 1 7 9 3 2 7 3 2 1 9 6 8 2 1 8 8 6 2 3 1 6 7 8 1 3 4 7 8 7 7 7 9 3 8 9 2 1 7 9 8 5 9 8 2 8 1 7 2 8 1 8 1 3 1 1 6 1 7 8 7 7 1 1 7 6 8 7 7 5 1 1 7 3 6 6 8 7 8 9 2 8 7 7 7 8 2 6 7 8 7 1 8 8 2 1 1 6 2 7 5 1 9 8 3 9 3 8 7 7 7 6 1 8 2 1 3 1 6 2 9 7 1 8 9 5 7 1 2 1 6 8 3 7 1 3 8 2 7 3 7 1 2 7 1 7 8 2 9 2 9 9 1 2 7 8 2 6 6 1 8 9 8 7 3 7 2 2 9 7 3 7 1 8 7 5 2 3 2 2 6 3 6 7 2 8 8 3 8 8 8 8 8 7 3 1 7 3 8 7 8 8 1 9 1 3 7 2 2 8 7 8 3 1 6 8 7 8 8 7 4 9 6 7 2 7 8 2 2 9 8 2 3 8 9 7 3 8 9 7 3 9 6 8 8 3 1 2 7 8 9 1 7 2 1 2 7 1 5 2 9 1 9 6 1 7 8 6 8 3 5 1 2 1 7 9 3 6 7 7 7 8 7 9 7 6 7 9 8 7 8 8 7 3 8 1 8 9 1 9 3 6 2 2 2 7 7 9 7 7 8 5 7 7 5 1 2 7 9 8 1 7 6 8 7 2 2 7 8 2 8 1 2 9 7 1 8 1 8 6 6 9 8 2 3 5 7 8 8 6 9 9 7 2 3 9 4 1 2 4 7 5 8 7 9 8 1 7 8 7 7 1 8 3 8 6 8 1 1 7 2 1 1 7 8 2 2 8 2 6 2 3 7 5 7 1 7 7 7 8 7 1 6 9 1 9 2 3 3 2 8 1 3 2 6 8 3 7 7 8 8 8 6 7 9 1 8 6 8 2 9 1 7 3 8 8 8 2 9 8 6 8 2 7 6 8 2 3 9 7 7 6 6 2 6 1 8 8 6 7 1 2 7 3 8 7 3 8 6 8 1 7 9 4 7 1 6 7 2 6 2 9 2 2 3 8 1 8 1 8 2 1 8 8 1 2 2 7 6 2 7 9 9 8 9 7 5 7 3 2 8 9 9 1 1 8 7 8 7 1 1 1 7 8 4 3 7 1 7 7 8 6 7 3 9 8 6 8 7 7 4 1 7 8 2 8 6 8 7 3 1 7 9 8 9 7 2 3 9 5 6 8 7 5 9 1 7 8 3 1 7 2 1 7 1 6 8 1 2 2 7 7 8 7 4 2 8 2 3 3 7 6 8 1 9 8 8 6 9 8 8 1 1 2 2 3 4 7 8 8 1 9 1 8 7 3 1 7 2 7 3 6 3 1 8 8 7 2 2 3 8 2 2 7 5 7 8 1 1 5 7 8 8 8 7 8 7 2 9 7 6 7 8 1 7 1 8 8 2 7 7 7 8 7 2 8 8 9 8 1 7 2 7 8 8 7 7 2 3 9 2 6 9 8 2,752 648 394 44 156 357 1106 1032 498,752 648 394 44 156 357 1106 1032 498,37.13578000000416,0.0136304503535514,0.0175838839521507,0.020827761332207,-0.0800678625321594
tweeteval_emoji,4995,20,1 2 6 17 16 18 7 1 15 1 2 20 17 20 1 13 1 4 10 3 5 14 5 1 1 15 1 16 11 1 18 20 1 1 11 3 2 2 1 11 15 2 2 3 2 1 1 19 1 9 1 8 7 1 1 7 16 4 2 9 11 4 17 9 15 10 3 7 6 2 20 10 6 1 1 7 3 11 11 9 2 1 2 10 5 17 4 15 10 6 1 1 2 1 11 8 13 5 1 3 12 4 17 1 7 1 6 12 3 5 17 12 3 1 1 1 3 5 6 1 18 1 15 13 19 7 17 13 3 1 3 11 8 8 16 10 20 4 2 1 1 3 16 3 12 1 13 19 1 2 1 2 6 6 18 8 16 1 19 1 2 1 15 7 2 6 18 19 1 16 8 12 3 7 1 10 1 2 3 18 1 14 3 19 6 2 6 2 2 16 6 18 5 2 5 2 20 1 5 2 2 1 3 16 6 1 6 1 3 8 12 1 13 3 1 7 1 19 11 16 19 7 1 14 3 2 4 9 18 16 12 17 1 3 6 3 16 11 2 13 2 1 3 19 1 9 14 16 1 14 13 11 8 8 14 6 2 6 2 3 6 3 2 17 4 8 5 1 1 6 7 4 2 19 1 1 2 1 18 6 5 5 16 20 4 2 1 3 2 6 1 1 2 3 2 2 1 20 3 1 18 2 3 5 3 16 5 15 18 1 20 15 1 16 3 2 1 10 1 2 1 18 2 6 4 14 5 3 1 16 2 10 1 5 1 19 1 3 4 20 15 10 7 9 16 4 4 1 8 17 5 13 2 1 15 1 9 3 16 8 14 2 19 5 2 3 13 6 1 3 6 1 7 2 7 4 11 3 1 4 2 16 1 5 3 1 6 1 1 1 17 11 7 1 1 1 2 18 1 16 5 17 8 1 10 17 1 12 2 7 10 19 1 8 4 1 1 16 1 15 17 1 15 9 3 4 17 1 3 8 1 20 12 19 10 3 15 4 8 5 5 19 2 9 3 2 1 5 2 3 13 12 1 5 14 20 6 14 1 20 1 7 1 11 4 2 17 1 1 16 15 16 7 2 4 13 2 13 17 1 13 1 1 1 1 11 20 15 17 3 19 1 1 3 6 1 10 6 1 3 16 9 3 10 8 2 20 17 10 1 19 14 1 3 10 17 2 10 8 3 1 3 1 3 20 2 12 15 1 2 2 4 2 1 3 11 11 4 2 3 11 7 6 1 1 14 13 3 1 3 3 10 16 9 8 12 17 2 6 6 4 3 19 3 1 1 7 2 1 4 1 4 19 2 10 3 5 8 4 4 15 4 3 2 16 3 3 2 9 10 19 3 11 16 5 18 3 11 6 3 9 4 3 3 3 10 7 1 3 2 2 5 19 14 5 1 3 5 5 19 6 14 6 16 9 1 13 1 5 2 1 2 8 1 16 3 18 1 9 2 15 1 3 2 19 7 9 18 16 1 9 2 10 5 20 15 5 13 11 10 1 1 8 6 3 7 1 13 3 1 1 1 1 2 3 1 18 17 1 16 8 18 2 4 9 1 1 2 1 4 14 1 2 14 9 18 4 9 1 3 11 1 15 2 17 8 2 2 5 4 1 2 13 5 10 2 6 12 1 1 3 1 3 5 1 14 9 5 4 8 19 19 4 17 13 4 3 8 12 2 3 3 4 3 14 5 1 13 1 1 9 2 20 1 2 14 15 9 1 20 9 2 4 9 1 3 8 16 3 16 1 1 2 4 3 1 1 1 3 3 1 16 8 12 1 6 1 9 7 1 1 19 18 20 3 2 1 1 20 1 6 8 10 14 1 3 2 17 6 7 1 1 4 1 17 16 14 10 16 1 18 1 4 3 6 1 16 4 1 7 11 12 6 1 1 7 1 8 1 16 1 17 17 1 2 3 6 18 8 1 7 15 1 7 4 9 2 2 2 12 20 18 1 6 1 14 3 6 1 19 6 3 1 4 4 1 1 8 5 5 17 2 8 18 1 2 1 14 15 1 2 1 7 15 1 16 6 1 1 20 9 5 6 6 15 5 2 20 7 20 13 3 17 1 5 6 8 19 2 20 11 3 1 1 3 7 3 2 6 2 4 6 1 9 4 4 1 6 18 15 3 8 15 20 2 11 1 2 5 20 7 5 1 6 1 10 3 3 1 9 2 1 3 4 3 11 2 9 8 9 9 5 1 1 1 2 13 6 6 9 11 13 3 15 1 3 5 3 5 6 2 18 9 15 1 9 4 3 1 2 14 1 17 3 16 3 7 7 14 3 1 1 12 7 11 1 2 8 6 17 8 7 18 1 2 1 1 10 3 6 1 10 2 6 14 2 4 4 8 2 13 9 6 7 3 1 7 7 6 2 1 19 19 3 11 8 14 16 4 5 19 15 1 3 2 6 6 2 16 9 11 8 11 2 1 20 1 3 9 2 2 12 1 4 12 4 12 12 6 8 5 10 6 7 1 2 18 12 3 10 7 1 1 6 3 19 8 16 1 4 3 9 3 16 3 16 5 1 3 7 7 14 2 3 1 1 1 3 17 7 10 10 2 11 4 10 15 2 4 3 10 12 1 1 1 18 1 8 14 1 11 3 20 1 2 9 17 18 12 16 1 17 1 4 17 3 4 1 2 15 13 13 1 1 17 9 5 1 13 1 18 20 6 6 3 15 1 5 3 3 1 2 3 6 11 16 1 2 1 4 12 12 5 6 2 1 20 18 17 3 14 10 10 2 2 7 3 2 2 18 15 20 16 12 1 19 4 15 8 2 3 17 4 14 7 13 10 16 11 1 11 1 5 1 5 17 11 4 5 12 1 1 2 19 17 7 7 6 2 15 13 4 1 1 3 15 14 1 10 1 9 11 6 6 1 16 1 1 15 3 11 1 6 11 16 3 17 20 4 6 1 12 4 14 11 14 14 3 5 5 11 14 16 1 6 4 2 3 17 1 5 15 17 14 1 4 11 9 3 19 13 20 3 3 1 3 15 12 7 4 17 7 9 3 11 16 1 3 1 2 7 3 17 4 17 2 9 3 10 1 2 8 1 5 4 11 9 7 1 5 6 13 6 1 1 4 8 18 7 6 1 1 1 1 3 2 1 13 2 4 19 6 1 13 17 11 1 4 1 1 5 14 16 4 20 3 2 2 3 1 2 1 3 10 13 9 11 3 3 17 7 1 5 8 2 1 1 16 1 3 8 10 3 10 5 5 6 2 14 3 10 18 1 5 15 7 1 2 15 5 4 4 10 11 1 2 10 5 1 2 19 2 2 5 1 13 3 4 1 14 17 18 16 3 2 16 7 20 2 3 2 1 1 9 11 5 8 2 11 16 3 5 1 3 9 2 8 13 2 14 10 3 17 10 3 16 1 3 19 1 8 1 6 11 1 1 7 1 1 13 6 4 3 6 2 1 12 9 2 1 3 16 1 1 10 1 9 6 3 8 16 15 6 1 15 10 2 17 1 1 3 6 6 8 19 17 6 15 16 3 1 17 1 1 6 14 7 15 4 5 1 3 16 8 2 14 3 18 6 2 14 4 3 1 10 1 4 18 2 14 8 7 9 8 14 19 18 1 3 11 3 3 14 2 1 8 6 19 8 20 9 14 4 13 1 5 3 2 11 20 10 15 5 8 7 16 1 18 3 1 2 13 6 2 1 9 13 13 18 4 3 4 3 3 3 3 5 10 2 10 4 10 1 15 16 19 3 6 2 15 11 11 1 2 10 1 8 4 16 1 16 8 1 8 7 3 15 5 7 15 1 19 19 4 10 10 16 1 18 10 6 1 1 2 9 18 10 2 4 7 8 10 1 3 5 14 1 2 9 3 15 10 1 12 10 17 11 3 12 16 2 3 9 17 1 4 1 5 1 3 1 2 9 1 1 2 1 6 15 4 1 1 1 4 3 1 6 5 3 3 8 3 20 11 7 18 3 7 7 15 3 1 8 2 12 5 3 3 13 1 13 9 1 4 6 2 1 7 1 3 15 3 14 2 19 18 1 2 20 19 11 10 2 6 2 12 4 1 6 2 4 3 15 7 1 3 11 16 19 8 2 1 20 1 2 13 1 2 5 8 20 19 12 2 6 9 13 1 1 3 3 2 10 8 19 5 12 13 1 18 9 12 3 7 1 15 15 4 17 2 6 7 2 4 1 3 2 1 7 5 19 8 5 9 15 6 5 20 16 11 20 7 19 18 8 15 3 4 9 12 11 12 7 19 8 1 5 11 19 5 15 10 8 1 18 1 6 4 9 1 8 1 2 2 20 3 1 3 14 13 6 2 12 8 10 3 10 1 1 15 4 1 8 1 1 9 2 11 2 14 9 5 11 3 9 1 18 1 19 18 3 15 8 1 2 1 16 17 1 3 1 4 1 9 8 2 10 5 16 1 1 2 10 4 19 5 1 18 18 6 1 20 6 1 16 6 18 11 10 7 20 1 1 4 14 4 9 9 3 11 4 6 3 3 12 19 15 20 4 1 4 4 1 13 1 20 8 1 3 12 3 1 15 20 8 5 6 3 5 1 5 1 14 6 1 5 8 7 1 1 5 1 1 7 7 7 5 1 10 16 2 1 1 7 3 10 3 4 10 1 5 3 8 17 4 3 3 2 17 2 1 19 10 12 10 11 1 2 17 1 1 5 8 16 2 8 13 6 20 12 17 1 2 16 1 14 1 1 2 3 1 3 18 1 1 13 4 8 7 7 1 9 4 1 8 12 19 4 1 5 9 1 1 1 5 5 7 12 4 1 9 4 5 2 1 8 13 2 11 3 3 2 3 8 13 3 15 8 1 20 3 11 2 14 1 4 1 5 2 10 1 6 8 10 15 10 19 10 20 2 13 12 19 3 2 10 4 3 1 9 8 17 11 7 2 20 3 8 20 6 2 9 4 1 1 15 6 1 11 1 1 3 19 1 2 17 12 3 1 3 1 1 13 9 4 1 4 6 4 11 1 2 1 17 2 2 9 17 19 14 1 5 7 7 14 16 2 7 5 16 5 8 4 1 4 1 8 19 1 3 11 4 13 2 3 1 11 3 1 1 3 6 3 4 3 2 7 5 13 4 10 5 9 11 2 6 2 12 11 10 2 1 1 6 2 2 1 9 10 2 4 1 4 8 1 2 1 11 4 11 7 2 1 16 19 19 1 2 6 1 10 1 1 11 2 6 1 3 8 9 4 8 1 18 4 18 17 17 12 10 12 4 6 1 4 6 19 14 2 12 11 4 16 19 11 1 2 5 9 14 10 2 3 2 9 12 20 16 8 16 1 4 6 10 2 1 1 1 7 19 1 19 7 7 9 1 15 16 3 1 18 7 1 1 2 1 17 15 8 1 14 8 5 3 11 1 19 5 1 5 1 5 4 1 1 1 13 7 3 1 9 9 8 1 8 7 3 6 15 11 6 20 14 14 16 5 2 2 15 18 7 17 12 3 9 2 1 20 19 6 17 1 11 1 1 3 5 17 3 2 1 2 8 8 1 8 1 2 2 2 17 9 19 3 5 3 7 4 15 13 7 8 1 6 9 4 2 13 19 5 6 4 1 3 4 14 17 1 1 5 10 1 12 12 3 13 4 14 3 12 19 17 9 7 12 2 2 3 13 1 1 12 3 11 17 6 1 17 1 6 13 11 19 20 1 1 2 10 3 4 2 12 20 13 1 1 19 1 1 16 3 1 8 2 1 10 3 13 6 8 1 4 9 3 17 3 2 1 3 10 4 4 5 4 1 1 4 7 19 4 11 8 2 16 3 1 1 1 16 1 1 1 2 4 1 6 3 10 10 5 3 1 19 20 2 20 9 18 15 4 4 12 5 3 1 15 4 2 17 19 20 2 3 1 12 4 10 2 3 1 16 1 6 1 19 3 15 3 1 3 18 6 1 6 13 5 1 1 6 3 4 1 16 11 4 3 1 3 1 10 11 1 1 13 2 20 4 2 9 3 15 8 11 10 19 3 3 6 20 14 1 16 1 11 16 19 4 6 20 3 18 17 1 14 7 18 4 3 1 18 1 1 9 4 11 4 18 1 18 4 9 12 8 1 18 1 10 7 18 1 1 14 2 4 2 10 3 6 3 6 9 2 6 15 2 3 6 20 4 17 7 18 8 2 3 1 6 7 5 19 9 15 17 17 2 2 3 4 16 6 8 16 3 7 2 1 5 2 3 9 10 5 11 7 4 5 13 2 6 14 15 4 6 4 20 8 4 1 9 2 1 5 13 3 5 13 7 12 4 3 1 5 1 7 2 4 7 1 15 15 3 5 17 10 9 7 7 12 18 2 4 3 6 16 4 10 1 4 1 8 19 5 1 14 14 13 6 20 17 3 4 2 2 14 1 1 1 14 11 8 17 12 7 6 4 15 2 11 14 13 6 11 2 12 7 9 1 2 3 1 1 3 9 1 1 1 18 4 1 10 3 2 14 10 1 14 3 3 3 2 3 4 1 2 16 1 13 2 15 1 13 8 18 2 9 15 3 2 1 16 3 1 3 1 7 7 1 17 3 9 2 3 2 1 1 1 4 1 10 7 6 3 2 1 1 1 2 3 1 4 6 9 12 1 2 20 10 6 5 9 12 16 20 4 3 2 6 1 20 8 6 1 2 2 17 1 6 1 10 1 1 6 2 5 1 14 3 15 3 1 1 17 3 3 10 3 19 1 9 20 20 1 4 12 12 13 14 2 4 1 2 17 8 3 1 11 6 6 13 2 10 6 1 1 2 2 3 14 1 1 14 1 3 3 19 1 5 1 14 4 5 10 1 1 2 11 1 4 2 1 15 4 11 3 17 1 8 2 11 3 9 12 1 11 4 4 19 10 5 2 19 6 6 8 5 8 1 1 7 15 3 1 2 2 5 2 1 2 4 4 12 3 1 1 12 8 1 2 1 3 10 10 5 1 9 1 8 10 19 1 7 1 10 1 4 2 3 20 15 1 1 2 1 12 2 1 1 3 14 4 15 2 9 18 4 10 3 2 14 5 3 5 2 6 1 14 14 13 5 2 5 7 8 15 2 3 3 9 19 3 19 1 17 14 2 5 9 4 2 4 18 11 1 3 12 8 2 4 4 17 13 12 1 19 3 1 8 7 6 1 4 14 9 2 1 16 1 18 12 2 3 2 5 1 15 8 11 2 1 10 11 1 2 1 1 14 8 7 11 19 16 1 7 20 1 1 1 6 19 10 14 3 2 2 8 2 4 7 19 18 3 7 10 1 4 6 2 2 17 3 17 4 17 2 17 6 9 7 1 18 9 16 13 3 10 12 3 7 13 2 18 12 3 1 2 13 3 1 3 5 10 18 19 1 3 9 3 16 6 2 18 1 20 1 4 12 4 4 7 1 6 3 3 8 2 6 1 1 5 6 5 2 2 11 1 10 12 20 5 1 19 14 5 14 2 7 5 13 1 4 1 1 3 1 1 5 3 2 8 1 1 9 13 18 1 1 15 11 17 11 3 9 2 4 17 2 8 3 1 2 9 1 11 15 1 2 1 19 1 10 3 9 11 4 6 1 18 9 1 3 1 1 10 11 4 2 1 12 2 7 1 6 1 4 8 4 20 9 6 20 16 6 1 1 5 4 3 4 1 2 3 4 3 20 3 13 13 6 19 1 2 2 7 14 20 9 2 3 10 1 6 1 5 13 5 18 3 1 12 3 5 13 11 6 18 8 8 2 16 5 15 8 1 3 1 13 14 2 4 2 3 18 1 13 4 2 16 9 19 4 10 6 6 9 1 5 5 12 3 2 6 3 1 1 7 8 16 1 1 1 17 10 1 11 13 12 12 3 2 12 2 1 1 6 3 2 5 6 14 19 1 1 6 3 4 1 19 10 6 16 1 15 1 1 20 14 8 10 8 1 1 2 3 8 11 3 11 11 1 8 1 4 4 12 3 1 8 15 17 6 2 1 9 16 10 3 1 11 2 1 20 17 1 7 1 15 3 7 1 18 14 10 7 3 7 3 16 2 3 15 1 3 9 8 12 7 3 2 1 13 1 6 4 1 2 4 2 3 1 2 1 9 2 6 18 12 1 1 1 14 7 4 3 1 8 19 5 9 3 20 6 14 20 16 18 2 12 1 1 4 1 4 18 2 11 16 1 20 11 17 2 9 2 10 8 9 1 17 1 2 1 6 6 5 3 11 3 1 1 3 4 7 2 10 1 7 2 9 13 4 1 13 1 2 9 14 10 17 1 3 10 2 18 5 7 5 9 2 8 1 20 13 2 10 15 2 1 14 10 2 14 4 1 1 19 3 2 2 2 19 1 1 1 3 13 13 6 1 4 5 8 20 6 1 8 3 3 1 5 3 3 20 4 8 19 3 18 4 1 3 8 14 1 2 6 1 2 1 1 12 14 2 1 13 1 1 18 4 1 5 5 14 2 3 13 15 1 3 4 1 10 4 1 3 1 1 14 1 17 15 5 2 3 14 1 2 8 17 18 10 3 16 1 1 1 1 1 14 2 2 1 17 5 1 1 1 1 5 20 1 5 9 7 17 2 3 12 1 13 18 3 2 6 3 9 3 3 6 2 15 2 1 1 1 8 1 6 16 1 16 1 1 13 20 4 1 5 12 1 3 2 2 4 3 1 12 8 1 1 5 3 3 5 7 6 5 7 15 9 1 14 8 19 12 1 1 9 1 1 20 2 3 18 8 1 16 2 3 5 6 2 1 1 12 17 18 1 14 4 7 3 1 16 18 3 5 3 13 6 4 14 3 14 2 1 3 1 6 1 3 1 2 16 3 1 19 12 4 14 1 2 20 13 4 6 1 9 1 12 17 6 14 1 4 17 5 11 5 9 1 1 14 16 2 14 3 1 16 14 1 1 1 8 9 7 3 12 3 3 6 14 4 8 1 10 9 16 3 2 9 20 8 19 2 12 20 18 16 10 1 1 20 8 11 12 1 19 1 1 7 11 4 9 1 5 5 4 13 4 4 20 5 7 6 15 3 1 18 7 3 13 7 20 11 9 2 2 2 1 1 15 4 8 2 1 1 8 6 1 11 10 4 1 1 2 14 12 2 1 12 9 1 5 7 9 7 15 14 5 8 5 3 1 11 3 5 14 5 3 17 9 14 11 1 15 5 19 1 5 1 2 2 1 1 3 16 17 16 20 3 1 2 2 20 3 1 2 11 17 1 9 4 1 8 7 1 14 6 19 1 3 3 2 7 19 10 2 20 2 14 3 16 2 1 10 3 3 7 3 19 2 2 13 6 1 14 17 3 14 3 1 2 3 16 4 2 1 9 1 14 11 9 2 10 1 7 6 1 12 4 1 2 20 16 19 11 2 9 4 7 1 1 2 5 4 16 14 7 17 2 18 16 9 7 19 11 1 1 1 3 1 1 5 1 7 1 14 14 20 8 9 2 1 5 3 8 12 18 5 6 2 1 3 1 3 3 1 9 6 16 13 4 14 19 4 7 1 5 16 1 1 5 1 7 1 18 7 6 1 4 5 4 1 6 1 12 7 1 8 4 2 20 4 1 4 4 16 15 4 1 3 1 5 3 5 3 6 7 1 3 17 4 14 8 3 12 1 1 7 20 7 20 18 2 4 1 8 10 11 8 1 8 20 18 12 15 6 1 10 10 10 10 19 13 2 3 1 1 7 15 2 1 2 3 4 10 1 2 2 1 1 1 17 14 5 13 1 14 5 2 12 1 1 4 3 1 8 10 20 14 19 4 7 1 15 5 1 20 16 3 18 7 4 15 1 7 3 5 1 16 2 2 5 5 1 3 1 2 1 1 11 13 17 2 4 2 1 1 12 2 18 3 5 4 2 3 14 7 5 7 5 2 2 3 12 1 15 4 5 3 7 13 3 1 14 12 13 4 4 9 1 19 11 1 1 8 9 15 4 2 19 7 11 7 13 1 8 6 2 2 20 1 1 11 1 14 12 3 7 2 12 5 5 3 1 2 4 12 1 10 2 14 18 1 1 1 1 1 8 1 10 1 5 5 10 13 1 12 12 16 5 1 1 14 2 11 1 1 2 20 8 2 10 1 15 3 1 13 12 3 2 1 18 8 2 5 2 1 10 2 8 8 1 2 8 3 4 1 12 5 12 12 6 3 1 12 15 2 1 10 15 6 1 2 1 5 6 17 9 6 9 14 12 5 18 2 2 15 1 2 15 3 1 3 4 2 4 11 14 5 2 9 17 1 9 16 17 3 4 5 2 12 1 5 1 14 12 12 9 13 15 1 4 1 3 13 4 1 1 3 14 8 3 3 16 8 1 3 15 1 2 1 2 10 12 2 16 5 5 2 1 1 10 20 3 1 7 10 11 1 15 18 4 2 20 14 16 10 4 3 2 4 1 2 8 20 1 18 12 17 3 1 11 10 1 3 1 1 8 9 3 13 1 4 1 16 3 2 6 4 11 5 2 11 5 8 1 18 9 6 13 2 8 1 4 1 1 2 16 1 8 1 1 4 3 1 10 8 1 13 1 19 7 12 9 8 5 5 2 2 14 16 2 9 1 2 11 3 1 9 6 18 1 7 2 18 18 2 4 16 1 20 2 6 17 7 16 3 7 11 2 1 3 4 4 2 1 20 8 8 1 3 9 7 1 1 9 3 20 11 17 5 20 11 2 1 14 12 3 11 4 2 11 5 5 7 1 7 15 8 1 4 11 1 3 6 3 1 2 19 1 17 1 2 13 5 20 6 5 7 1 1 7 8 19 20 6 3 2 7 7 12 1 13 6 1 9 17 2 14 2 18 17 15 1 1 16 1 6 4 13 7 6 20 1 12 6 5 20 9 8 20 17 1 11 18 14 20 2 4 18 1 4 3 1 1 3 6 3 12 18 1 4 10 4 1 1 9 2 3 18 3 4 7 7 3 13 7 8 20 2 1 14 1 2 2 17 1 16 1 1 14 2 5 17 6 7 13 12 1 14 7 6 11 1 2 10 1 2 10 2 8 16 1 20 5 4 13 5 1 4 7 15 1 1 1 2 6 1 12 7 20 9 17 1 9 1 2 2 1 19 1 17 1 12 1 3 3 4 2 3 1 2 3 2 17 13 3 1 9 3 2 20 7 13 1 4 5 1 11 17 19 3 3 11 19 1 1 13 3 1 5 4 12 17 1 2 5 2 7 2 3 11 4 2 7 14 1 1 11 15 15 4 14 19 1 3 2 1 18 8 4 11 16 10 1 1 1 1 1 19 3 7 7 1 6 7 1 18 4 6 12 11 12 13 10 8 5 2 11 8 7 1 2 5 1 11 1 3 10 3 1 1 1 1,1 8 12 1 3 2 9 1 14 10 10 17 2 12 1 1 20 1 2 8 20 2 5 7 15 3 3 3 14 6 11 1 2 16 6 1 7 1 14 6 16 4 13 8 9 2 3 2 3 8 1 2 4 10 2 5 8 15 1 18 13 3 10 15 9 2 20 4 8 9 2 2 9 4 9 16 5 4 1 20 18 14 6 6 6 3 3 1 1 9 3 1 1 4 10 6 1 18 1 1 15 7 18 4 17 3 6 1 20 10 8 18 11 10 5 3 3 1 7 4 19 2 2 16 8 5 2 14 3 7 15 9 10 10 1 2 19 3 2 1 6 1 20 2 4 3 12 11 1 16 1 3 2 19 1 17 1 15 1 17 1 1 1 1 1 11 5 3 3 1 4 3 17 1 2 1 1 10 1 9 4 1 1 1 15 5 4 17 1 10 2 3 11 16 9 20 7 5 1 6 9 19 11 12 5 10 19 6 19 15 11 3 1 2 3 11 15 2 3 6 3 10 4 3 1 9 17 18 17 1 2 12 1 7 12 6 1 2 10 13 3 8 1 9 14 1 1 6 3 20 1 7 9 6 1 1 2 8 5 1 1 1 1 5 13 13 17 2 2 4 9 5 17 1 1 7 5 18 2 1 1 3 18 7 10 4 2 6 10 11 3 19 6 10 5 4 1 8 1 1 3 2 2 19 8 1 2 14 12 1 1 12 7 1 3 1 1 1 14 5 2 11 1 2 7 5 19 3 9 6 7 1 5 8 1 1 1 7 1 3 5 7 10 16 18 1 3 6 2 2 2 8 13 2 3 15 3 1 1 8 14 5 3 1 1 2 8 20 4 4 16 11 17 5 16 1 2 2 5 5 10 13 20 3 20 19 14 9 20 1 1 6 10 7 6 17 1 2 3 1 7 1 3 16 3 1 20 5 7 8 12 2 10 4 1 11 1 3 1 18 2 16 2 9 16 16 12 12 8 16 17 3 1 18 11 13 4 15 5 5 1 2 18 6 8 19 17 1 1 2 16 2 8 15 8 7 6 2 1 1 6 11 10 18 2 1 10 7 3 11 2 7 4 14 3 10 2 12 3 20 8 20 1 1 12 3 9 9 8 14 3 20 14 8 4 6 5 12 2 9 4 12 5 19 18 1 3 8 20 2 12 2 5 1 12 1 1 7 20 10 1 3 2 17 9 4 1 1 2 11 16 8 1 10 6 6 16 4 1 2 16 4 18 3 16 13 6 1 11 8 19 5 1 1 2 7 12 7 15 18 8 4 2 15 1 2 20 2 1 1 1 2 3 10 3 4 9 2 1 2 9 2 1 14 12 16 12 1 17 18 2 2 19 5 1 4 4 3 14 19 5 3 3 1 3 2 4 2 5 3 4 15 2 12 12 6 3 1 1 18 3 1 10 8 3 6 10 1 12 1 2 11 11 14 1 7 11 1 11 15 5 10 14 1 18 3 5 9 1 13 3 13 8 9 1 1 8 10 2 4 5 16 7 7 8 19 4 1 13 4 8 19 13 2 17 3 4 1 1 1 1 16 3 11 12 8 4 1 4 1 13 19 19 11 10 1 2 1 19 5 1 3 1 19 4 20 20 15 3 4 9 10 13 2 20 1 8 2 1 4 1 16 1 1 12 1 5 14 3 16 16 3 1 2 12 1 3 1 14 16 3 1 3 16 13 1 5 14 11 6 4 1 3 3 3 1 14 1 3 12 5 5 17 19 7 7 8 1 13 15 2 6 14 1 11 16 3 14 1 1 1 16 6 10 10 16 10 4 14 19 2 19 5 2 11 11 1 20 11 19 2 2 1 7 4 1 6 3 1 1 4 3 6 3 2 7 15 1 2 20 7 4 1 3 10 1 5 3 19 11 12 12 7 1 15 2 8 8 6 1 6 1 2 7 1 11 10 7 5 15 7 19 1 3 3 1 7 2 7 20 3 2 4 5 3 17 7 3 3 9 10 1 14 2 14 1 8 1 1 3 16 3 2 1 5 18 1 5 17 9 14 1 3 12 1 11 12 11 7 8 3 2 1 3 2 11 1 17 18 1 7 1 13 5 3 1 11 5 6 2 9 1 1 3 15 14 10 2 13 13 9 15 4 1 2 1 3 3 3 6 1 8 6 2 12 2 17 2 8 12 6 4 2 14 7 6 9 5 5 1 6 1 9 15 9 11 3 2 1 1 6 1 17 1 1 1 2 2 3 1 9 20 2 1 5 2 1 1 19 1 15 1 3 1 2 17 1 6 1 15 4 2 6 3 18 4 2 5 1 9 4 19 9 12 19 15 14 1 2 2 12 3 1 7 1 3 18 1 1 17 4 1 5 3 15 1 6 18 7 11 1 2 4 1 1 5 1 16 6 1 5 12 1 17 4 4 2 1 7 9 6 13 10 5 2 16 1 13 2 4 3 18 4 15 15 1 10 13 4 14 19 4 10 15 8 2 9 5 3 4 3 1 18 4 13 11 15 3 14 8 9 2 1 1 3 2 2 1 8 10 6 2 16 3 3 11 2 19 1 2 3 19 1 3 4 15 5 1 3 2 1 16 20 3 1 2 10 1 2 5 2 3 1 3 8 4 4 5 7 10 4 6 18 3 1 2 14 1 10 7 11 1 6 1 3 11 2 3 19 18 3 13 1 3 11 13 16 1 14 5 14 20 10 4 1 5 1 4 8 1 1 6 3 5 19 2 9 4 4 1 4 1 12 1 16 17 1 4 1 16 1 12 2 3 6 6 2 3 3 12 1 2 11 2 10 12 14 4 3 1 2 1 8 2 2 2 3 2 1 9 14 19 1 1 15 19 13 6 12 1 1 19 3 7 13 1 1 9 6 20 8 9 1 13 1 8 8 1 2 17 16 10 1 5 16 13 9 2 14 8 8 3 14 1 1 6 18 12 14 2 1 1 1 3 1 1 4 4 9 13 3 12 1 16 7 1 6 14 17 1 11 16 3 14 4 1 1 14 18 1 2 15 16 4 2 4 1 4 3 8 7 3 13 6 3 1 17 2 1 9 8 4 15 6 14 3 20 6 1 19 14 9 2 11 10 1 7 15 3 4 5 1 13 1 5 8 18 10 3 11 1 2 4 3 20 7 1 1 1 3 2 1 3 4 5 19 14 1 9 2 4 2 14 20 7 1 16 17 2 3 3 2 8 6 15 1 2 1 2 5 3 1 4 4 15 1 5 1 4 8 3 2 18 10 14 14 1 6 17 2 3 1 8 1 9 7 2 2 18 20 2 2 1 6 1 17 13 10 17 8 5 2 6 2 1 3 5 20 2 14 15 1 3 2 1 1 12 7 3 3 15 17 18 2 3 11 5 2 1 13 4 3 19 16 5 4 6 4 7 12 2 9 14 1 8 13 17 4 1 3 3 1 1 7 2 6 12 3 10 2 17 17 10 8 3 4 9 1 19 20 1 6 6 1 2 3 3 2 13 3 2 5 13 2 1 5 1 5 5 4 3 11 20 14 11 6 2 12 4 9 6 4 3 2 16 2 8 18 19 1 18 9 12 9 10 1 3 2 10 11 18 16 5 19 17 2 3 15 5 5 1 1 5 1 1 8 17 5 8 5 1 1 19 1 9 5 1 4 3 2 18 16 3 9 7 1 1 19 1 1 1 1 2 10 1 1 12 8 4 15 2 19 16 2 7 1 5 18 2 12 3 20 4 17 1 17 11 7 3 16 2 15 13 3 1 17 8 10 19 12 9 2 1 6 1 17 7 3 4 14 5 5 6 6 1 1 1 16 2 1 1 1 9 2 3 4 1 4 3 20 1 4 4 1 3 12 19 14 3 11 2 9 15 4 2 1 2 5 1 10 1 1 18 6 6 14 2 20 17 1 9 13 1 3 16 5 2 1 1 1 3 3 2 3 1 1 9 1 9 7 11 7 19 17 8 1 1 6 1 16 3 5 16 19 1 2 3 16 6 1 1 3 1 3 13 12 16 13 6 7 18 12 1 1 3 1 5 7 3 11 11 8 19 1 1 6 3 19 8 13 1 20 19 3 3 3 20 4 18 1 1 6 3 3 1 14 4 8 14 1 15 6 16 1 3 2 20 2 3 5 5 3 3 4 11 1 7 1 16 3 13 7 19 13 3 8 6 19 1 4 14 9 2 7 14 4 8 1 9 1 1 9 3 14 3 14 6 14 8 19 2 4 1 15 5 20 4 1 2 1 1 2 1 1 19 3 18 9 2 2 2 20 2 7 1 17 17 9 19 17 2 1 1 2 1 1 14 6 9 5 6 4 7 12 7 1 4 5 9 2 11 15 1 2 1 1 1 4 15 5 1 1 2 7 1 1 9 13 1 1 3 6 2 6 18 11 3 10 5 2 3 2 7 1 16 9 17 4 7 3 14 1 4 11 12 1 3 5 2 5 3 19 2 13 6 5 2 14 3 1 7 16 7 2 19 12 8 1 4 2 2 20 4 4 1 6 20 15 3 3 2 20 1 7 16 1 2 11 7 8 1 1 3 11 20 3 17 11 11 9 2 1 8 14 5 1 1 1 1 16 1 15 10 1 7 19 7 2 17 1 1 9 11 1 5 15 3 7 6 11 1 8 1 10 10 1 2 1 3 12 1 2 3 1 1 1 11 7 2 1 2 13 12 8 6 1 3 4 2 4 3 12 6 17 6 6 20 19 3 13 12 7 20 17 11 13 18 9 14 1 9 19 1 17 17 8 14 2 1 5 3 2 2 4 15 10 1 19 1 7 9 4 6 12 9 1 16 11 7 3 3 4 14 11 15 1 4 10 1 7 1 4 3 15 10 6 15 5 3 2 10 1 8 9 1 1 2 1 11 13 6 1 1 1 18 12 3 14 17 3 9 1 3 15 2 18 10 8 3 2 7 7 1 1 4 5 20 6 1 4 13 12 3 20 1 12 9 18 1 1 8 4 6 2 15 5 12 4 4 1 1 2 15 18 13 1 7 6 7 8 1 1 3 15 7 15 7 1 3 3 4 19 2 4 1 1 7 4 1 20 20 4 1 9 2 1 20 18 13 2 1 10 18 1 1 11 12 7 20 11 5 15 19 11 13 10 9 2 12 1 6 3 1 19 1 12 6 18 1 6 2 17 1 3 6 1 1 3 9 5 1 4 6 12 1 6 3 1 3 1 3 7 4 9 1 6 14 13 1 15 10 13 3 13 3 1 3 12 1 15 2 18 1 1 1 12 17 1 2 1 3 11 17 3 1 11 3 3 1 1 1 3 8 1 15 7 2 4 2 1 3 10 8 1 7 5 19 5 3 7 17 11 16 8 2 1 4 1 4 2 7 5 3 10 4 10 11 12 3 7 1 3 16 9 13 13 1 10 1 5 10 17 1 20 1 5 2 7 20 3 7 9 1 1 3 19 1 14 1 3 1 1 18 17 11 2 4 3 14 8 1 1 6 1 5 12 6 8 1 20 20 1 12 1 16 5 4 5 3 12 7 1 13 1 2 19 1 5 2 2 6 13 2 6 6 18 15 1 20 12 7 2 2 2 1 7 19 5 4 1 4 1 8 1 7 1 15 2 3 1 18 14 20 5 4 15 3 6 1 17 6 6 4 20 1 2 2 3 8 4 1 4 1 3 2 12 7 9 11 3 4 6 4 3 3 1 13 6 1 20 3 1 20 3 9 15 19 17 19 16 17 2 7 3 14 19 2 11 4 10 1 1 2 1 10 3 10 14 5 5 11 1 8 19 1 5 12 3 11 3 13 11 13 1 16 1 2 1 5 1 4 5 6 17 3 2 10 3 7 3 1 16 16 10 1 5 11 17 1 16 20 1 19 1 20 2 7 2 1 1 5 1 1 1 2 17 4 1 5 5 4 1 7 3 1 4 17 2 17 10 3 1 8 3 3 1 8 11 2 1 1 9 11 17 13 19 3 3 2 1 3 1 14 16 3 1 2 12 7 14 2 8 14 13 1 9 11 4 5 3 1 5 14 9 12 2 2 4 7 15 4 20 1 3 1 1 9 8 3 6 2 3 20 12 5 6 6 19 14 16 4 4 5 3 7 14 3 9 12 5 7 6 3 10 1 4 16 1 3 10 4 12 3 4 17 3 9 2 11 17 7 10 4 20 14 6 4 11 4 6 17 3 7 19 12 12 10 15 5 9 19 14 18 2 10 1 14 8 16 2 7 1 8 6 1 9 16 5 6 6 18 8 4 8 1 19 6 20 1 4 7 15 2 1 18 2 3 17 18 11 5 6 10 14 16 1 3 5 1 1 5 3 6 8 1 2 5 14 1 2 2 1 5 1 1 14 14 3 2 1 19 13 15 2 20 20 4 1 2 1 18 17 4 5 17 2 14 6 2 17 1 6 11 2 10 5 3 5 3 11 17 1 1 5 17 1 14 3 2 7 3 4 2 4 1 18 6 1 8 5 1 2 15 5 10 13 15 1 11 6 2 20 15 2 3 12 1 1 1 2 1 15 9 4 7 4 2 15 1 5 5 13 8 6 1 16 10 2 3 4 1 3 11 1 16 1 20 6 9 1 1 3 1 2 17 1 1 1 4 2 3 3 10 6 6 16 20 8 20 8 14 1 12 2 2 1 1 19 1 1 4 3 20 11 1 6 11 1 5 6 8 2 5 2 14 8 7 3 20 2 2 9 8 7 11 6 2 20 5 8 16 18 4 1 1 1 3 5 16 2 1 1 2 3 10 18 16 14 6 15 3 5 11 20 19 1 1 1 2 4 19 11 7 18 1 20 3 10 1 3 1 10 15 16 9 1 3 6 1 20 2 11 9 2 1 6 4 4 1 1 15 1 2 2 2 2 2 2 2 10 2 2 10 14 17 3 6 1 12 1 15 2 2 3 1 17 2 10 15 3 11 12 3 2 3 15 4 16 3 6 1 2 1 6 1 3 1 19 17 11 2 18 1 2 1 6 13 19 1 1 2 2 12 16 5 2 4 3 20 8 1 3 1 18 1 3 1 17 2 8 6 2 16 8 1 1 4 7 8 6 1 1 3 3 2 6 3 10 18 10 3 11 1 9 1 10 3 8 13 1 7 1 8 3 1 1 3 3 7 7 17 4 1 11 5 12 16 13 5 7 1 17 2 1 8 20 6 16 2 3 14 18 1 2 3 3 1 2 8 5 14 4 7 13 3 13 1 9 4 13 3 2 2 7 3 7 4 4 3 1 1 19 2 17 3 2 2 4 10 5 8 16 4 1 1 10 1 1 4 1 5 5 15 10 2 2 6 10 16 15 8 1 9 6 1 3 20 5 1 20 3 19 4 8 1 5 20 20 4 16 2 10 2 7 1 8 4 1 13 1 5 1 15 1 2 16 1 5 1 1 9 8 3 1 8 3 2 17 1 3 11 11 9 1 10 18 15 1 1 1 19 2 15 2 4 15 12 1 1 14 2 16 9 17 6 13 4 1 1 1 16 6 18 3 20 1 18 5 7 20 4 2 1 9 8 14 18 19 6 3 1 3 3 8 1 10 6 3 19 16 4 3 3 3 2 7 2 1 20 6 1 2 9 1 13 1 13 3 13 14 1 19 11 2 10 1 6 8 4 8 1 9 1 1 3 1 4 10 3 2 1 18 3 4 3 3 1 20 10 2 1 1 11 12 4 10 1 5 10 20 4 15 2 12 1 7 1 8 7 6 1 9 5 7 17 5 1 13 2 14 19 2 16 1 2 19 1 5 7 7 18 6 5 2 3 1 3 2 6 3 6 3 1 19 10 12 18 15 1 1 9 11 8 20 13 7 1 2 8 6 1 3 18 2 16 7 9 3 10 2 5 18 2 4 7 2 3 2 3 6 2 1 12 18 8 1 12 14 1 4 2 15 7 14 4 1 17 14 1 1 1 6 4 3 5 6 17 14 1 1 6 2 15 7 14 4 4 2 9 4 14 1 3 1 1 2 1 19 3 8 13 1 6 12 2 8 6 8 1 4 1 2 4 11 11 3 7 16 1 7 8 17 2 4 2 1 16 5 1 12 1 2 14 18 1 18 15 11 3 1 11 11 1 17 10 13 1 2 16 7 7 1 2 4 1 7 1 4 6 5 11 5 2 17 9 7 14 3 2 4 1 3 16 20 14 6 5 17 2 2 3 10 1 1 16 20 1 1 2 8 1 16 1 3 12 2 1 1 3 19 7 11 20 1 2 18 3 2 1 14 7 19 15 2 5 2 3 1 3 11 3 2 16 1 3 6 4 15 3 10 20 2 10 14 10 17 2 1 4 16 1 9 1 13 11 14 1 12 13 9 3 16 11 1 16 18 15 1 16 6 15 8 3 1 5 7 11 2 13 2 8 7 16 4 15 10 7 2 1 1 1 17 8 15 6 5 1 15 1 16 9 18 1 1 8 10 2 1 8 10 13 16 8 20 2 15 5 10 1 4 5 12 18 13 3 1 19 1 3 2 3 2 1 9 7 3 1 13 3 5 12 10 14 17 3 3 1 2 14 6 4 4 2 13 8 8 5 8 2 1 2 2 6 3 1 5 6 1 11 2 1 7 1 8 9 1 16 13 1 5 14 4 3 11 12 4 2 2 2 20 1 19 14 20 6 1 4 3 1 2 17 13 1 17 7 7 1 6 20 1 3 4 7 1 3 8 7 1 1 1 8 9 13 8 6 6 2 14 16 1 3 8 2 2 7 14 5 1 10 3 6 1 16 1 13 1 6 13 19 11 8 3 2 11 1 12 5 1 9 2 6 17 11 8 7 11 1 2 3 1 8 1 7 5 1 15 3 2 10 14 1 9 12 7 4 4 11 17 1 1 6 5 2 14 2 16 1 2 2 18 6 5 15 13 3 5 10 4 2 5 3 12 19 2 18 1 2 10 2 5 13 1 2 3 2 2 10 18 6 1 1 3 7 19 5 12 14 19 1 6 4 16 16 2 3 5 5 1 2 3 13 14 1 9 15 5 3 8 6 4 15 16 4 20 6 8 14 3 6 3 10 1 12 4 1 7 2 16 5 1 8 1 17 1 2 6 16 1 12 1 11 1 1 1 5 8 1 9 3 1 17 11 10 1 1 5 16 4 3 8 5 6 8 1 1 1 19 8 1 12 3 3 1 2 3 1 1 2 12 6 15 3 8 1 9 3 2 11 18 8 7 2 4 3 1 7 17 1 12 5 7 1 9 5 17 1 2 3 5 18 12 1 10 9 2 4 4 5 5 1 1 3 2 8 13 13 2 14 11 3 13 4 18 4 4 20 1 1 3 9 2 7 2 7 8 5 2 10 5 2 4 10 20 10 8 2 16 6 17 9 8 8 4 1 15 2 1 1 3 4 8 16 3 5 16 1 1 3 19 2 1 7 14 1 13 8 4 17 18 8 9 16 19 1 2 2 4 4 9 3 17 3 1 4 3 18 14 5 12 1 6 1 6 9 5 11 8 11 4 18 9 5 7 6 7 12 18 6 1 12 10 2 3 1 1 3 2 15 9 3 4 11 20 3 2 12 15 5 3 3 1 19 4 17 11 3 11 1 20 9 10 2 4 20 3 9 2 1 7 4 1 17 7 2 13 9 4 8 14 11 16 5 13 1 9 16 1 15 3 1 8 1 7 13 1 11 4 8 1 2 4 1 1 1 5 14 10 15 18 4 1 12 15 1 1 10 2 4 12 13 1 5 20 20 2 1 14 16 3 14 10 4 12 20 10 7 10 1 1 10 1 15 3 1 4 3 17 6 8 16 12 2 10 3 4 5 4 13 15 18 9 1 10 1 3 2 2 1 4 7 3 3 9 1 13 18 3 15 14 11 5 9 9 13 11 5 19 15 12 2 1 1 4 9 1 2 1 1 16 1 3 18 13 13 16 1 2 1 19 2 2 3 19 13 3 14 3 1 1 10 1 17 1 20 2 4 1 1 2 14 1 14 11 1 1 15 20 2 13 1 2 3 1 18 1 10 4 11 17 1 20 4 1 13 1 19 7 1 1 2 7 8 6 3 10 3 2 2 1 1 3 3 20 4 3 2 14 18 4 15 1 3 6 13 10 10 1 11 17 12 12 6 1 9 19 1 4 1 15 1 1 20 9 2 20 1 16 2 18 6 11 1 7 11 14 19 2 1 1 5 15 13 4 5 2 1 7 4 1 12 9 2 3 1 16 5 2 12 2 1 4 13 15 17 3 5 1 1 11 1 2 3 6 1 7 3 2 9 1 19 1 5 1 4 1 20 17 1 3 6 3 8 1 2 4 1 8 4 1 12 4 2 3 6 1 3 2 4 11 7 12 3 1 19 10 15 1 7 3 6 2 8 9 9 3 6 10 8 1 14 1 9 3 2 14 6 11 1 10 13 3 2 6 19 2 16 16 3 1 1 13 2 5 4 9 7 8 5 5 13 1 1 1 3 9 3 1 5 2 1 6 6 1 10 2 9 1 11 1 7 1 17 15 14 2 19 17 1 4 4 6 1 2 3 17 5 4 7 15 20 8 18 2 9 11 1 13 2 4 14 4 1 1 4 17 9 18 14 1 13 3 11 10 8 1 18 2 1 5 8 2 19 2 18 20 18 12 2 1 10 5 19 6 12 7 5 9 12 9 13 1 9 6 3 4 4 8 6 3 13 1 12 6 19 3 9 1 12 3 8 2 18 9 1 1 10 1 9 1 3 5 2 1 19 16 8 1 3 1 6 10 1 1 7 3 5 9 3 4 19 1 5 1 20 1 19 2 16 3 7 1 17 7 7 2 9 8 18 17 1 8 17 1 15 7 6 1 8 2 10 1 19 12 6 11 3 20 16 6 16 1 16 1 2 1 8 1 6 2 1 1 5 17 3 2 2 1 9 6 9 1 3 8 6 3 16 3 1 4 10 9 12 18 1 2 7 6 5 20 12 4 1 17 9 12 7 18 4 6 20 1 1 17 9 3 1 11 14 17 11 7 1 3 3 8 9 8 1 3 6 16 16 16 16 1 2 3 14 3 12 3 10 3 14 10 4 1 8 1 1 4 1 2 10 1 14 3 7 4 6 3 17 13 8 18 1 14 18 4 1 13 4 10 11 1 1 12 18 1 1 1 1 17 5 16 10 12 11 10 3 4 1 2 8 19 1 17 15 1 15 14 11 9 1 2 14 1 1 18 14 9 17 10 20 3 4 3 20 20 1 4 10 18 11 1 4 1 18 2 6 1 1 4 1 8 1 1 9 6 4 18 4 7 5 14 5 9 1 3 9 12 2 18 19 3 14 1 6 7 20 11 6 6 8 4 16 13 4 11 17 1 18 20 17 1 18 5 1 2 14 1 4 7 4 3,1056 520 503 308 242 238 204 199 176 171 159 143 129 153 129 148 137 121 129 130,1056 520 503 308 242 238 204 199 176 171 159 143 129 153 129 148 137 121 129 130,51.55354989999614,0.0029115472455824,0.0040705501166387,0.0177162303281774,-0.0881912196689476
trec,5871,6,5 2 2 3 2 6 4 2 5 4 5 5 3 6 3 4 3 4 6 2 3 3 6 2 2 3 3 4 6 6 3 4 5 4 6 6 4 4 3 4 3 2 3 6 2 4 6 5 4 4 4 3 3 2 6 2 2 2 5 2 3 4 4 2 4 2 2 5 3 6 5 2 4 2 5 2 2 6 4 6 3 5 2 2 2 5 5 2 4 3 5 4 3 6 6 1 4 2 3 4 6 1 3 4 4 3 3 5 2 2 6 3 4 2 2 2 2 4 6 3 2 2 3 3 5 2 2 4 3 2 4 1 2 5 3 3 6 6 4 4 5 2 4 6 1 4 3 3 6 4 5 4 4 6 6 2 4 6 5 3 6 4 2 4 4 6 4 4 3 5 2 3 4 5 5 3 4 3 2 2 2 6 2 2 6 6 6 3 6 3 5 5 5 3 3 4 3 2 4 3 4 2 3 4 3 4 4 4 6 6 4 2 4 2 5 5 6 5 6 6 2 6 3 6 3 2 5 5 5 3 5 3 5 6 3 6 2 2 5 2 6 6 4 3 4 4 6 6 3 6 2 4 1 6 3 6 5 3 4 3 3 6 5 6 4 3 2 1 4 5 4 6 5 3 2 2 6 6 2 3 4 2 5 2 4 4 4 2 4 2 2 4 3 4 6 5 2 5 2 2 4 3 4 3 2 3 6 6 5 2 6 2 5 5 6 3 4 2 3 3 3 3 3 5 4 4 4 2 6 3 2 6 3 6 4 4 2 6 3 5 2 4 3 4 2 3 3 4 3 4 3 3 2 4 4 5 5 6 4 6 4 6 5 3 4 2 5 4 3 4 3 4 4 5 6 5 5 4 6 4 4 6 3 2 6 6 3 4 5 1 3 6 4 2 6 2 2 6 4 4 5 5 2 5 4 3 3 3 2 3 6 3 2 4 3 6 2 4 4 2 6 5 2 3 4 2 3 6 5 6 6 6 2 4 3 6 4 6 3 2 6 6 6 5 4 3 3 2 6 4 5 5 2 3 2 4 4 4 6 6 4 5 6 2 3 6 5 5 6 2 3 4 6 4 4 4 6 3 6 2 4 2 4 4 4 2 4 2 3 3 1 6 6 2 2 1 3 3 5 1 2 2 3 6 3 4 5 6 1 6 2 5 3 2 3 5 5 4 5 4 4 4 3 4 5 4 2 6 5 4 4 6 4 2 6 5 5 2 4 2 3 2 4 5 4 3 4 6 5 5 3 4 4 3 2 3 2 4 2 6 4 6 2 4 2 3 3 5 5 5 4 4 2 2 6 3 6 4 2 3 2 4 2 3 2 3 6 4 6 6 2 2 6 3 4 5 4 2 4 2 5 3 5 6 2 3 2 1 3 3 5 2 2 2 5 6 2 2 2 3 6 2 6 3 4 6 6 2 4 4 3 5 2 2 3 5 2 5 1 5 3 5 3 4 5 3 4 2 2 5 2 5 4 2 3 5 3 6 3 6 6 2 2 3 3 4 3 4 3 5 4 4 5 4 4 2 3 2 4 3 2 2 3 4 4 2 6 2 2 3 4 4 6 3 2 6 6 4 4 2 5 4 2 2 2 2 5 2 6 2 5 2 4 3 5 1 5 3 3 5 3 5 4 2 3 2 3 4 5 2 1 4 3 6 3 5 2 4 4 4 3 2 4 2 6 4 2 4 6 2 5 4 6 2 4 5 2 2 3 6 4 2 2 2 4 5 6 2 4 4 2 3 2 1 3 4 4 6 2 6 3 2 2 3 3 6 5 3 4 6 3 2 4 6 3 3 5 4 4 4 2 2 3 5 4 2 5 6 6 3 4 2 6 3 2 4 4 6 5 2 3 6 3 2 5 6 3 6 3 6 3 2 2 3 6 5 4 4 2 3 2 4 4 4 2 2 3 3 3 2 5 2 2 6 6 5 3 4 5 6 4 3 3 6 2 4 6 6 2 2 6 2 5 3 5 2 3 6 4 4 3 4 2 6 6 4 3 4 3 3 2 6 2 3 4 4 2 2 3 5 5 6 4 3 3 4 6 2 2 3 2 4 5 6 4 6 2 2 4 3 6 5 4 5 6 4 5 5 3 6 3 2 3 4 4 3 5 3 3 6 2 2 3 4 6 3 4 6 2 2 3 2 4 5 3 6 6 4 4 2 3 3 6 4 2 2 5 5 4 5 3 6 4 4 2 4 6 4 2 4 3 5 3 5 3 5 2 2 5 3 2 2 2 2 2 4 4 4 3 4 2 4 3 2 5 6 6 4 4 3 2 4 4 2 5 5 3 2 2 3 2 5 3 4 6 3 4 5 3 2 3 6 6 2 5 6 6 1 2 6 4 4 3 3 5 4 5 3 4 3 4 2 4 2 3 6 3 6 2 4 5 3 5 4 1 2 5 5 4 5 5 6 2 6 3 5 3 6 4 2 4 6 1 3 5 2 5 6 6 5 3 3 2 5 3 2 3 5 3 6 4 5 4 6 4 4 4 4 2 2 5 4 1 2 2 2 6 4 6 5 6 2 2 5 2 5 6 3 3 4 2 5 4 6 3 4 6 3 1 4 3 6 3 4 2 2 2 5 6 4 3 1 3 3 3 3 6 5 4 6 5 4 2 2 4 6 2 3 5 5 4 1 6 6 2 3 4 2 2 4 3 3 6 2 5 3 6 4 6 6 2 6 4 4 5 4 5 5 6 3 5 2 5 5 3 4 3 2 3 6 2 3 2 2 5 3 6 5 2 3 6 4 2 6 3 3 4 4 6 4 4 3 3 6 2 5 2 3 4 3 4 3 3 2 2 4 3 2 3 3 3 2 6 2 4 4 3 2 2 2 3 4 3 3 5 3 4 3 1 6 2 4 3 5 3 5 2 2 4 2 2 2 6 6 6 2 4 2 2 3 6 5 6 5 5 4 2 2 2 4 5 6 2 2 2 6 3 3 3 2 3 4 2 5 3 2 2 5 5 2 2 6 5 4 6 4 2 4 3 2 6 3 6 6 6 4 3 4 3 4 2 3 5 4 5 4 5 4 4 3 2 3 4 4 6 6 5 4 6 5 3 3 3 3 2 4 2 3 3 2 1 2 4 3 4 2 6 6 5 4 4 4 5 5 2 4 2 2 2 5 2 4 6 4 3 5 6 4 6 4 2 4 2 2 4 5 6 3 3 4 4 4 3 3 5 5 2 4 3 6 4 3 3 2 5 6 3 5 6 3 3 5 3 6 4 4 6 4 3 5 4 6 2 4 3 4 4 3 2 5 2 4 6 2 4 3 3 5 5 1 2 5 4 3 5 4 1 2 2 2 3 6 2 2 2 6 5 2 4 4 3 5 4 5 4 6 3 5 3 3 3 3 5 5 3 2 4 4 3 3 6 2 2 3 5 3 3 4 2 3 2 2 3 5 2 4 2 4 3 3 4 2 2 3 3 3 2 2 2 5 2 5 2 5 4 5 3 5 2 6 4 4 3 6 6 2 4 3 6 2 6 5 4 6 4 4 4 3 4 2 5 6 6 6 4 5 6 1 2 4 2 2 5 5 2 6 5 4 2 4 2 6 6 3 4 3 3 3 5 3 2 4 3 6 2 3 5 2 2 3 4 4 2 3 5 2 4 3 3 6 4 4 3 3 3 6 4 2 4 2 5 3 3 5 3 5 4 4 3 4 3 5 6 3 4 2 3 6 4 3 3 5 3 5 6 4 2 3 4 6 6 6 6 2 4 3 3 3 6 2 6 2 3 6 2 4 6 3 6 3 3 2 4 3 2 5 3 2 3 4 3 2 5 4 2 2 6 2 4 2 4 3 6 3 5 4 5 4 5 3 5 6 6 5 4 2 3 6 4 3 4 5 6 6 4 4 2 5 4 3 5 2 2 6 3 5 4 2 4 3 3 3 2 3 3 2 5 4 4 3 3 2 2 2 4 3 4 3 6 6 2 2 6 3 2 1 4 5 2 3 6 3 5 2 2 4 2 3 2 2 6 3 4 3 5 2 5 6 6 5 6 2 2 5 2 6 3 3 5 4 5 4 5 4 4 4 4 4 4 4 6 2 2 4 4 3 3 2 2 6 6 4 6 2 2 2 3 4 4 3 3 4 5 6 2 6 6 2 5 3 6 6 2 2 2 4 6 6 3 4 2 6 3 5 2 4 3 5 5 2 6 5 6 6 6 3 5 5 3 2 2 2 6 2 3 6 3 6 5 6 4 3 2 3 4 6 3 2 6 6 6 3 6 2 1 4 3 4 3 2 2 2 2 2 4 5 4 5 6 5 6 2 2 4 6 5 4 6 3 5 1 2 4 4 5 2 4 3 4 6 4 3 3 3 1 3 2 3 1 2 4 2 3 2 3 2 2 4 2 3 6 6 4 3 6 6 1 2 5 6 2 6 2 3 3 4 2 6 3 3 6 2 2 4 6 2 3 3 3 4 2 4 5 4 3 4 2 5 4 6 2 5 4 6 1 5 4 6 4 4 4 5 5 2 4 2 6 3 5 6 3 5 4 4 2 5 6 4 5 2 2 2 3 1 5 6 3 4 3 4 5 4 2 2 3 2 3 5 6 3 6 2 2 2 3 2 4 5 2 6 5 4 2 5 6 3 3 2 3 6 5 2 3 3 4 3 3 2 3 6 4 6 4 3 2 6 3 4 6 3 6 6 4 2 3 4 6 2 3 2 6 4 5 3 6 3 3 3 4 4 1 3 6 3 3 3 2 6 2 3 3 3 2 3 5 3 5 3 2 5 6 4 4 2 2 2 1 6 3 3 2 6 5 5 5 2 6 5 5 6 5 5 5 6 4 2 2 2 6 4 5 6 2 4 6 1 5 3 5 5 5 3 3 4 3 5 2 4 2 2 2 4 4 5 3 5 5 6 3 2 4 2 4 2 6 5 2 4 3 6 6 4 6 5 2 3 2 4 4 2 5 5 3 2 5 2 3 5 4 4 6 4 4 4 2 4 2 2 6 3 5 3 3 1 4 2 3 4 6 3 4 5 3 6 5 4 5 3 3 5 4 2 4 3 6 4 2 6 4 3 4 2 5 4 3 2 2 5 6 2 3 6 5 6 6 3 4 2 5 3 2 5 4 3 3 5 4 3 3 6 2 2 2 6 4 4 6 6 4 3 5 5 5 5 2 2 2 5 4 6 6 3 6 6 2 6 3 4 3 3 4 4 2 4 2 4 3 5 2 2 5 4 6 5 5 6 5 5 4 2 6 2 3 3 5 2 4 4 2 3 3 5 2 4 4 5 6 4 6 6 2 4 4 5 4 6 4 5 3 2 4 3 2 5 5 4 5 2 4 5 2 3 6 2 3 3 4 3 4 2 5 2 3 5 3 5 3 2 3 5 2 4 3 3 2 4 6 5 4 5 3 4 6 2 3 4 6 4 5 6 2 2 2 2 6 5 5 4 5 2 3 6 2 5 2 5 5 6 5 3 4 2 4 2 3 6 3 2 2 6 6 2 6 3 2 4 5 5 6 4 2 3 4 6 3 3 4 5 5 4 4 6 4 4 4 5 3 5 3 1 6 1 5 4 3 2 2 4 3 6 2 5 6 5 2 2 6 6 5 3 4 4 4 3 6 6 3 6 6 5 2 3 3 6 3 5 3 2 3 6 2 4 4 5 5 4 3 5 6 3 3 3 4 5 2 4 2 2 2 4 3 3 5 3 5 5 3 2 6 4 6 3 6 2 6 3 5 4 4 4 4 3 2 2 3 4 3 2 4 4 2 3 3 4 4 2 5 6 5 3 3 3 4 2 4 4 2 3 6 2 2 4 5 3 3 4 4 2 4 4 6 3 2 3 2 5 3 4 2 3 2 6 4 3 6 3 6 6 2 1 6 4 5 3 4 3 4 2 5 3 6 2 2 6 5 3 4 3 2 3 4 3 3 2 3 6 5 5 5 4 3 5 4 2 3 6 3 5 5 6 4 4 2 4 6 4 5 2 4 4 2 2 2 2 2 4 6 6 4 5 2 3 6 2 4 2 4 5 5 4 4 6 5 2 2 5 4 3 3 6 4 5 4 3 4 2 3 4 5 4 2 2 2 2 5 4 4 2 4 4 2 5 2 3 6 3 4 2 4 2 4 4 6 5 5 6 2 6 2 2 4 3 4 3 2 4 4 6 4 2 3 4 2 6 5 3 6 3 4 2 5 2 3 2 5 3 4 2 2 3 6 3 4 5 4 4 2 4 6 2 4 5 3 3 3 2 2 2 3 4 2 3 5 5 4 2 4 5 5 5 5 6 3 5 3 3 5 6 2 2 4 3 2 5 6 4 2 4 3 6 2 4 3 6 1 3 5 3 2 2 5 3 3 5 3 3 2 3 4 6 3 3 6 2 2 5 4 2 4 5 5 4 1 6 2 4 6 4 4 2 3 5 3 4 4 2 3 4 4 4 6 4 6 5 6 2 4 5 4 3 4 2 2 2 4 2 4 2 3 3 4 6 3 3 3 6 3 4 3 4 2 1 6 6 3 5 2 4 5 4 4 4 5 4 5 5 3 6 4 2 4 2 6 5 2 5 2 3 2 5 6 1 4 2 3 1 3 3 2 3 6 6 6 5 4 6 6 6 6 6 4 5 4 2 5 4 6 5 5 3 5 4 4 4 3 6 2 4 2 3 2 3 2 5 3 6 2 4 4 2 5 3 6 3 2 6 5 6 2 2 6 3 3 5 3 6 4 5 5 6 4 2 4 2 6 6 5 4 4 5 5 3 4 2 3 2 4 3 4 3 4 5 4 4 5 2 3 2 6 5 3 6 5 3 3 2 5 3 6 4 4 6 3 5 4 4 2 3 5 3 6 4 2 2 4 2 3 2 4 5 4 4 3 3 5 3 2 4 3 3 3 4 3 4 4 4 4 1 4 6 5 4 3 2 3 2 3 6 3 5 4 6 2 4 5 2 6 5 3 2 3 3 5 2 4 6 2 4 2 4 4 3 3 3 4 6 4 4 1 3 4 2 3 4 5 5 6 3 4 5 3 4 6 2 4 3 6 6 4 6 2 3 5 4 5 6 3 3 5 5 3 4 1 2 4 2 4 4 4 3 4 6 2 6 5 5 4 1 2 2 3 2 2 5 3 4 3 5 3 2 6 2 2 4 3 6 2 3 3 2 2 3 6 3 4 3 2 5 5 4 3 1 5 3 3 5 4 4 2 6 2 2 6 6 6 4 3 4 2 5 3 2 2 2 2 2 4 5 2 2 2 5 4 3 5 1 5 2 4 3 4 4 6 2 4 4 4 6 6 3 5 6 6 4 5 2 2 6 6 2 5 2 2 1 3 3 5 6 3 5 5 4 2 5 3 4 3 5 2 3 5 5 6 3 3 3 2 3 2 4 2 2 2 3 3 2 2 2 6 2 4 3 4 3 2 6 6 3 3 4 4 2 6 3 5 5 3 6 2 3 5 3 4 2 3 3 5 2 5 3 5 6 6 6 6 4 5 5 3 6 4 2 3 4 5 6 2 3 2 4 4 5 4 2 1 4 4 4 2 3 6 5 4 4 4 6 4 4 3 5 5 6 5 2 3 1 2 2 2 4 3 3 4 6 3 3 3 2 6 3 3 5 2 6 3 6 4 2 2 3 2 2 5 6 6 5 6 1 3 2 2 2 2 2 2 4 4 2 5 4 4 3 2 6 2 5 3 4 3 5 3 5 5 3 6 3 3 2 6 4 3 5 2 4 5 4 4 5 5 6 6 2 2 6 1 4 6 4 6 3 6 2 1 2 3 5 2 6 3 4 5 3 2 4 4 3 6 5 4 5 3 5 5 5 4 2 2 6 2 5 6 5 3 3 5 2 3 2 3 5 2 4 2 4 6 4 2 2 2 2 6 3 4 6 3 2 3 5 2 3 5 2 5 4 3 3 3 2 4 3 3 4 6 2 6 3 3 2 2 3 2 2 6 3 3 3 5 4 6 4 6 5 4 6 4 5 2 4 4 2 5 3 4 3 5 5 2 2 6 4 4 4 1 4 5 5 4 5 3 2 4 4 6 5 5 4 2 2 5 4 2 4 4 2 2 5 4 6 4 6 3 4 5 3 2 4 6 6 2 4 2 2 5 5 4 6 5 6 2 3 3 3 4 4 3 5 5 5 3 4 2 5 4 2 4 2 4 5 6 3 2 2 5 4 4 5 6 2 3 3 6 3 6 6 4 3 2 2 3 5 5 4 6 4 2 4 6 4 3 2 6 4 2 4 6 6 4 3 3 4 6 3 2 4 3 2 3 3 4 2 4 2 6 2 4 4 3 2 6 6 3 4 3 2 2 6 4 6 2 2 3 2 2 3 2 4 2 3 2 4 5 3 4 6 3 2 6 3 5 2 3 4 2 6 2 2 4 6 3 3 2 4 6 3 6 5 6 2 5 2 6 4 6 4 5 6 6 5 2 3 3 3 4 2 3 3 2 6 5 6 3 2 5 4 4 2 2 4 6 4 4 6 5 4 3 6 5 4 2 4 6 6 2 4 2 2 5 3 2 5 2 5 3 2 6 3 1 4 2 6 3 2 3 3 2 4 6 2 4 6 2 3 6 5 1 4 2 4 2 5 6 1 3 3 2 2 3 4 4 6 4 2 2 2 5 2 4 5 4 4 3 6 2 4 3 2 2 1 2 6 2 3 6 3 2 4 2 4 4 5 5 3 2 2 6 3 4 3 3 5 2 6 5 3 4 3 3 3 5 2 4 4 5 1 4 6 5 4 5 4 2 5 4 4 2 6 2 5 6 5 3 2 2 4 4 4 4 3 4 6 6 2 6 5 4 4 2 4 5 5 1 2 5 3 4 2 5 4 4 3 6 2 5 3 5 5 6 6 5 2 4 4 5 3 3 2 6 3 6 5 4 6 6 6 4 6 4 2 4 2 2 3 6 2 2 5 2 2 5 4 3 5 4 4 4 2 5 3 4 3 4 2 3 3 4 6 5 3 4 2 4 5 2 5 2 4 3 3 4 5 4 6 2 4 5 5 5 4 5 5 5 3 3 3 3 3 2 2 2 2 5 4 6 3 3 2 2 4 5 3 5 4 5 2 6 3 4 5 6 4 2 5 3 4 6 2 6 5 4 2 3 5 5 2 6 2 3 1 2 3 2 6 4 4 3 3 6 3 4 4 2 2 2 2 3 3 4 2 5 4 2 3 3 5 6 2 4 6 2 3 6 2 4 4 3 4 5 2 2 2 4 2 2 4 3 6 1 6 3 6 2 5 3 6 4 5 2 4 2 2 2 4 5 5 3 2 6 4 2 5 4 2 6 6 2 4 4 2 2 4 4 5 5 6 5 4 4 5 2 4 4 4 5 2 5 5 6 4 3 2 6 6 2 6 2 3 6 3 2 4 6 2 4 2 2 5 6 5 6 4 3 2 5 4 4 4 4 2 4 2 4 5 4 2 3 2 3 4 3 5 6 2 2 4 4 4 2 2 6 2 3 5 1 2 2 5 3 5 2 6 4 6 3 5 5 2 2 5 6 4 5 5 2 5 2 2 4 5 2 4 1 4 6 3 5 3 5 6 6 5 4 3 5 6 6 4 4 3 5 5 4 4 2 5 2 6 3 6 2 2 4 3 5 5 5 4 3 3 5 3 4 4 4 5 2 6 6 2 4 5 5 3 6 2 3 6 3 4 6 2 3 2 4 5 2 3 4 2 3 3 2 5 4 3 5 5 3 3 5 2 3 3 4 4 5 6 2 5 5 5 1 6 3 2 4 3 3 6 6 6 4 4 2 3 2 3 2 6 2 3 6 2 2 6 4 6 3 6 5 2 1 1 2 6 4 2 6 2 2 5 4 3 2 3 5 3 3 3 3 3 3 6 4 2 2 6 3 6 6 6 3 4 4 3 3 4 5 3 2 5 5 5 6 5 4 4 4 5 4 5 6 5 6 4 4 3 4 4 6 1 6 4 5 6 3 6 6 2 6 4 2 5 5 4 5 3 4 5 3 2 2 6 3 4 4 6 4 4 4 4 5 6 4 2 2 3 3 2 2 2 5 2 3 5 5 4 5 4 5 2 2 3 1 6 5 4 4 3 3 6 4 6 4 3 4 4 5 6 3 6 4 2 2 6 3 2 3 2 6 5 2 2 2 3 3 4 4 2 2 4 2 4 2 3 5 4 2 4 3 4 6 5 4 3 6 6 4 5 2 6 6 2 3 2 6 4 3 4 2 4 2 3 4 6 4 3 6 4 5 3 5 2 3 6 3 1 3 3 4 4 6 2 2 5 2 2 5 3 1 6 2 3 2 6 2 3 3 2 3 4 3 3 4 4 4 2 4 6 6 5 5 5 3 2 5 6 3 3 2 3 3 2 5 2 3 4 4 3 6 3 5 4 6 6 5 3 5 3 5 6 2 5 2 2 4 5 2 3 2 4 4 6 6 2 3 2 3 4 6 4 4 3 6 5 3 4 4 4 3 4 5 4 6 2 3 3 6 6 2 4 2 4 3 2 3 2 6 2 3 2 5 5 2 4 2 2 5 2 2 3 2 4 2 2 3 6 5 2 2 5 1 4 3 2 3 2 3 3 2 6 5 5 4 5 2 3 6 5 1 5 2 4 5 6 5 6 6 3 4 5 2 4 4 3 3 3 4 4 6 2 6 2 6 6 6 4 2 2 5 3 4 6 5 3 6 2 6 2 4 5 6 3 3 6 4 2 4 4 3 6 2 3 3 2 4 2 2 2 2 3 3 5 6 5 5 4 4 6 6 6 6 2 4 4 6 3 6 3 5 5 5 2 4 3 4 2 4 6 4 5 3 2 6 5 3 3 2 3 2 3 6 3 5 3 3 3 4 4 4 2 2 4 2 3 6 3 2 3 6 3 3 5 5 5 3 5 6 2 3 2 4 6 2 3 5 6 3 3 2 2 3 2 4 4 5 4 3 6 4 2 2 3 5 2 5 5 6 6 3 2 2 5 2 4 6 2 2 3 3 6 4 4 3 5 4 5 3 3 5 2 6 3 2 4 3 3 6 5 5 5 6 3 2 2 5 4 5 6 2 4 6 3 3 4 4 2 3 2 5 3 3 3 4 4 4 6 4 3 4 2 2 3 3 3 3 4 3 5 2 4 6 2 3 5 2 5 3 4 5 4 4 3 4 6 3 6 6 2 5 3 5 5 6 3 4 3 6 6 2 4 6 3 3 6 2 3 2 6 6 3 3 4 2 5 4 4 3 2 4 6 3 4 5 4 2 6 2 2 3 3 4 5 3 2 5 5 5 2 6 3 2 3 5 3 6 6 2 6 6 4 3 5 3 3 2 5 3 2 2 6 3 4 6 4 3 2 3 2 4 4 5 5 5 5 4 4 5 2 4 6 3 2 4 3 3 6 6 6 4 6 2 3 2 4 3 6 6 2 5 4 6 5 3 2 2 1 3 3 3 2 4 2 3 6 3 3 2 2 5 2 4 5 6 2 3 4 6 6 4 5 4 3 3 5 2 5 3 3 2 5 6 5 6 5 6 5 1 3 2 3 3 3 3 4 2 6 2 2 2 6 5 6 6 6 4 4 3 4 3 3 6 4 3 4 4 2 6 3 6 6 6 4 4 4 2 3 6 6 4 2 3 2 5 3 2 4 4 3 3 3 2 3 3 5 6 6 6 4 4 2 6 3 6 2 3 2 6 2 4 2 4 3 6 3 5 2 3 2 4 2 2 6 5 3 6 5 4 4 3 5 4 4 3 2 3 2 2 3 3 2 3 4 3 6 6 2 5 2 4 3 4 3 2 5 2 2 2 2 3 3 6 2 4 2 3 4 2 2 4 4 3 2 6 3 2 6 4 4 3 2 5 3 2 3 4 2 4 2 3 3 6 4 6 3 2 2 3 5 2 6 6 3 3 3 3 3 5 6 3 3 5 3 5 3 6 2 3 3 2 4 5 6 4 6 3 6 6 4 5 3 3 2 5 5 6 2 2 4 3 6 4 2 5 4 4 2 4 3 4 4 3 6 3 3 6 6 4 3 1 3 5 3 5 6 2 2 6 3 2 3 4 3 6 1 6 6 6 6 5 2 2 3 2 2 2 6 4 5 4 3 5 5 4 4 2 5 5 5 2 3 4 1 2 4 6 6 3 3 2 2 5 6 5 5 2 4 4 3 2 3 3 3 3 2 3 3 3 6 5 2 2 2 2 6 3 2 6 3 6 4 3 3 4 5 3 4 6 5 2 6 6 5 6 6 3 2 3 5 6 6 2 6 4 6 2 5 5 3 6 4 2 2 6 5 3 4 3 4 4 6 3 2 3 5 3 3 5 4 2 1 2 4 2 5 3 6 4 6 5 6 2 3 4 2 5 4 5 5 6 4 2 3 6 5 1 6 2 4 4 5 3 4 2 3 5 3 6 4 5 4 4 2 6 3 6 5 4 4 3 4 3 4 4 4 2 4 5 3 4 5 1 4 2 6 4 3 5 6 2 3 6 5 5 3 6 3 2 2 4 4 6 5 6 3 5 6 6 4 6 4 4 4 4 5 3 5 2 2 5 4 4 6 2 3 3 6 3 4 5 5 2 2 2 4 5 5 2 6 2 3 3 4 4 4 2 3 5 2 2 4 4 3 2 2 3 2 6 3 3 3 4 3 6 3 2 4 4 3 2 2 6 6 3 4 3 5 3 5 5 4 6 3 2 4 1 5 4 2 2 3 2 2 4 5 2 3 6 6 3 3 5 4 5 2 6 3 6 5 2 3 6 2 6 5 3 2 2 2 2 6 2 5 6 5 6 6 6 4 4 2 2 6 2 6 3 2 6 4 2 2 6 6 3 2 5 2 4 4 6 2 3 2 2 4 3 2 5 6 5 5 5 2 3 4 2 3 2 1 4 3 4 5 5 3 3 4 3 5 2 6 6 2 2 3 2 4 3 3 3 3 3 3 4 4 1 6 5 6 5 4 6 2 4 5 5 5 4 5 6 3 5 4 3 5 2 6 2 3 5 6 6 6 2 4 2 2 2 6 6 2 6 4 5 4 4 5 4 4 3 2 3 4 2 4 4 3 2 6 3 1 2 3 3 4 2 4 6 3 2 3 4 6 4 2 4 3 2 3 2 2 4 2 6 6 4 2 2 4 2 4 5 3 4 2 2 4 4 3 2 2 3 6 3 2 4 4 3 3 5 4 4 3 5 2 6 2 3 6 1 3 6 3 2 4 3 6 5 5 4 2 6 6 6 2 3 4 3 2 6 4 6,3 2 3 2 1 4 4 4 3 4 6 3 4 4 2 5 3 6 3 3 6 2 4 3 3 2 4 5 2 5 1 2 6 4 6 3 6 2 5 2 3 2 6 6 3 4 2 4 3 2 5 3 4 3 4 3 2 2 5 3 5 3 5 3 4 5 3 3 5 3 5 4 2 3 4 3 4 2 3 5 2 6 3 5 2 6 5 2 4 6 6 3 3 2 3 3 4 3 6 5 4 3 3 2 4 4 3 5 2 5 3 5 5 2 2 2 5 6 2 3 5 2 3 6 3 3 3 4 4 6 2 3 2 2 2 6 4 3 3 6 5 2 5 2 3 6 3 1 4 4 4 4 6 4 2 4 5 2 2 3 2 6 2 3 5 4 4 5 6 6 5 6 4 4 2 4 3 3 6 5 5 2 4 4 3 3 3 6 3 5 2 5 4 5 2 4 4 6 5 3 4 3 3 6 4 4 6 2 3 4 2 2 5 3 3 6 3 6 2 4 3 1 2 3 3 2 6 3 6 6 5 3 4 3 4 6 5 5 2 4 2 2 6 3 5 6 4 3 3 2 6 4 3 4 6 4 2 3 2 5 6 1 6 6 3 5 3 3 2 4 2 2 2 4 4 4 3 6 2 6 6 2 6 6 2 5 4 4 5 3 3 5 2 3 1 5 2 2 5 2 2 4 2 4 1 2 4 1 1 2 5 4 3 6 6 4 5 2 5 4 3 6 5 2 3 6 4 5 4 3 3 6 6 6 3 2 4 4 2 4 2 5 5 4 4 2 4 6 2 3 4 6 2 4 5 4 6 6 3 4 4 3 5 3 2 4 3 2 3 4 2 4 5 2 4 5 2 4 6 4 1 5 4 3 5 6 2 2 3 4 4 2 5 2 6 3 2 3 6 2 5 6 2 2 3 3 2 6 2 2 3 5 5 5 6 4 2 5 4 3 5 3 5 3 6 4 2 3 2 6 4 4 3 4 5 5 5 2 3 2 6 6 1 3 2 2 3 6 3 4 4 5 3 4 5 2 2 5 3 4 2 5 4 5 5 2 4 2 5 4 2 4 3 2 4 6 2 2 3 3 6 4 2 2 4 4 5 4 2 4 5 6 4 2 3 3 4 4 6 4 5 4 4 2 2 4 5 2 2 6 2 3 5 3 5 6 1 2 6 3 5 2 4 4 2 5 3 6 6 5 6 4 6 2 6 5 3 3 2 4 3 2 2 6 5 5 6 2 6 2 3 3 3 5 4 3 2 5 5 5 2 6 2 2 3 5 2 5 4 5 2 2 3 4 5 4 2 2 5 4 3 4 2 5 2 6 2 1 6 2 5 2 4 2 4 6 2 5 4 2 2 3 6 2 2 3 6 4 4 4 3 2 2 3 6 2 4 3 4 3 3 5 5 2 3 5 6 3 6 2 3 4 2 3 2 4 2 6 3 2 3 5 4 4 2 4 2 3 2 6 2 3 4 6 5 3 3 4 5 2 6 2 4 6 4 4 1 6 5 5 4 6 5 5 3 3 4 2 3 4 3 2 2 5 5 2 2 4 4 5 3 3 2 4 2 3 6 2 6 4 4 5 4 2 6 4 3 6 5 2 2 6 2 2 2 3 2 4 6 6 6 5 5 4 3 4 5 4 6 3 4 5 6 3 4 3 2 2 4 6 2 2 6 3 6 3 3 5 4 2 4 6 3 5 6 5 2 3 3 3 2 3 5 3 4 2 3 4 4 4 2 2 3 3 2 3 5 6 2 6 2 4 6 6 2 4 3 3 4 3 4 2 4 6 2 3 4 5 4 3 4 4 4 2 4 3 4 2 3 6 3 2 5 2 3 2 6 3 3 4 2 5 2 6 1 4 4 4 2 2 2 2 6 2 3 6 4 2 3 2 3 3 4 2 1 5 4 2 4 4 1 3 4 3 6 6 4 4 6 5 6 3 4 4 5 5 2 5 5 2 5 4 4 5 3 4 5 4 4 2 3 2 5 2 4 4 4 3 2 6 2 6 6 4 2 6 4 5 2 4 6 6 6 5 3 4 6 2 5 3 5 5 2 6 5 2 3 4 3 2 3 4 2 2 5 4 2 5 3 3 5 2 5 2 4 3 4 2 5 5 4 3 2 3 2 3 4 6 5 5 4 2 3 4 6 3 6 2 5 3 6 2 6 2 2 2 2 5 3 4 4 4 6 2 4 6 1 3 5 3 2 6 4 2 4 3 5 2 2 2 2 3 5 3 4 4 4 6 2 2 4 4 2 3 3 6 6 3 2 4 3 6 6 2 4 3 5 4 4 2 4 2 5 2 3 2 2 3 5 2 6 5 3 3 4 6 6 3 2 6 2 2 6 2 5 3 4 2 6 4 3 2 4 4 2 6 3 2 3 6 3 6 6 2 3 4 3 6 2 6 3 3 2 2 6 5 3 6 2 5 4 6 3 2 2 2 4 4 2 4 5 3 2 5 4 3 4 6 4 2 4 2 6 3 4 5 6 4 3 3 6 5 3 2 3 6 4 4 5 5 3 4 6 4 2 4 3 4 2 2 3 5 3 2 5 6 2 3 3 3 4 6 5 2 2 2 5 5 4 2 3 3 6 2 6 3 5 3 3 5 5 3 6 6 6 4 2 5 4 4 3 5 2 6 5 3 2 3 2 6 3 2 3 3 2 5 3 5 3 2 4 2 1 5 2 5 2 6 4 6 4 4 4 3 6 6 4 5 2 6 4 3 2 4 4 5 6 2 2 3 3 4 4 2 5 6 2 6 4 4 6 3 4 6 4 3 4 5 3 3 2 2 2 5 5 3 3 4 2 2 4 4 1 2 5 4 3 4 5 5 6 6 4 4 6 6 5 5 5 6 6 2 3 3 1 4 5 3 3 2 3 2 2 4 3 4 3 5 5 3 3 4 3 6 5 5 4 2 2 4 2 6 6 4 2 5 6 2 3 3 3 2 4 2 2 2 2 4 2 3 6 6 4 4 5 2 6 3 5 4 6 4 5 3 5 3 3 3 2 5 5 2 5 3 1 2 4 6 6 4 2 2 6 5 5 4 3 5 3 4 2 4 2 4 5 4 2 2 2 3 2 4 6 4 4 4 5 5 3 4 3 2 5 2 3 3 4 6 4 1 2 3 4 5 2 4 2 6 4 6 4 5 2 3 5 6 2 4 6 5 6 4 5 5 5 2 2 6 2 2 3 5 5 2 5 6 2 5 5 5 5 4 2 4 3 4 2 4 2 4 3 2 5 6 3 4 5 1 3 3 4 4 3 4 6 4 5 2 6 3 4 4 4 4 3 4 3 5 5 4 2 4 2 4 4 4 6 5 4 2 3 3 2 5 5 6 2 6 2 4 6 5 6 2 2 3 6 2 5 2 2 2 2 5 6 4 4 2 3 3 2 4 2 4 3 5 2 6 6 4 4 3 5 5 5 4 4 2 5 5 3 2 6 6 4 3 3 4 4 2 6 6 2 3 5 4 4 4 4 2 2 5 6 6 4 6 6 4 5 4 3 4 4 3 4 3 2 2 2 6 3 3 6 2 2 6 2 2 3 4 2 3 4 2 4 6 2 3 5 3 3 2 4 2 2 5 3 3 2 2 4 4 3 2 4 3 3 4 6 3 6 4 2 6 6 5 3 2 2 2 2 5 6 2 4 4 4 3 4 3 2 2 3 3 4 4 4 2 3 4 4 6 5 6 2 3 3 6 4 6 6 1 4 2 4 3 5 4 3 2 2 3 4 2 5 5 5 6 3 5 6 4 2 4 3 2 6 6 5 6 5 5 3 2 5 3 4 2 4 4 4 2 3 5 6 2 6 6 3 5 2 6 2 3 4 3 4 1 3 2 2 6 2 6 5 4 4 3 6 6 4 5 3 4 2 5 4 5 6 5 4 2 1 3 6 2 6 4 2 4 2 4 3 2 4 2 6 3 3 2 5 3 5 6 4 3 4 6 6 4 6 6 6 3 3 6 2 6 2 5 2 4 4 4 3 2 2 4 5 5 5 2 4 5 2 4 4 4 6 4 4 5 4 5 4 2 4 2 2 6 6 3 5 3 3 5 3 2 3 6 4 6 2 4 6 4 5 5 6 4 2 4 4 2 5 5 6 3 2 5 6 2 5 5 4 4 6 3 2 5 3 3 2 3 6 4 2 2 6 3 4 4 3 2 6 5 5 5 5 2 4 5 2 3 4 2 4 5 6 3 6 2 3 2 1 4 2 5 3 2 3 2 6 4 2 2 5 5 3 4 3 3 3 2 3 2 2 4 4 3 6 3 4 5 3 3 4 5 3 3 3 4 4 3 4 2 6 2 3 3 5 2 5 4 5 2 2 3 2 2 2 3 6 4 6 3 2 3 2 5 5 3 3 3 3 4 3 5 6 3 2 6 3 2 2 4 3 3 2 5 3 6 2 2 2 2 5 6 2 4 2 3 1 2 6 1 3 5 2 6 4 2 3 6 2 5 3 3 3 3 3 2 6 2 5 2 4 2 5 3 4 6 5 2 2 6 4 3 2 2 2 2 6 3 6 3 4 5 6 2 5 3 2 2 2 3 4 2 4 4 6 5 4 2 6 5 4 6 5 6 3 3 4 4 2 6 2 5 4 3 4 2 3 1 2 2 3 4 3 3 4 5 4 4 4 6 6 6 6 2 3 1 4 4 3 3 2 6 2 4 6 4 3 5 2 2 6 2 2 5 3 3 3 4 5 3 3 2 5 3 3 4 3 3 4 4 4 6 2 3 3 4 3 3 6 2 3 2 3 2 5 2 4 1 2 4 5 6 1 5 2 3 4 3 5 3 2 2 3 6 3 5 3 6 2 3 5 2 4 3 3 5 3 5 6 5 2 4 2 3 4 4 6 4 5 5 2 3 3 6 6 3 2 4 4 2 6 5 2 5 2 2 4 4 2 3 3 4 5 4 5 4 5 5 6 6 2 6 4 2 4 3 5 5 2 3 4 4 6 3 4 6 5 5 6 3 5 3 6 4 5 3 3 5 3 3 6 2 2 5 4 3 4 6 5 4 4 3 1 5 3 2 3 4 3 6 5 2 4 6 5 5 2 4 3 3 5 5 3 2 2 2 5 2 2 4 2 3 5 3 6 3 6 3 2 6 3 2 2 6 5 2 3 6 5 6 2 6 6 4 6 4 2 4 2 3 4 6 2 3 5 6 2 4 2 5 3 4 6 6 4 5 4 5 3 2 4 5 6 2 3 2 2 5 5 4 5 3 6 2 3 2 3 6 2 4 6 6 3 6 4 6 1 3 4 6 4 6 4 2 6 3 4 3 2 5 2 2 5 3 2 6 2 5 5 1 3 4 3 4 4 4 4 4 5 4 2 4 2 3 3 4 4 3 5 4 4 4 6 5 3 5 2 6 5 4 6 2 3 4 3 6 3 2 6 5 5 2 4 6 3 2 5 5 3 4 3 3 1 6 2 3 4 6 3 4 4 2 2 4 5 3 3 2 3 2 6 6 6 2 2 5 6 4 4 2 2 2 3 6 3 3 2 5 4 4 2 2 5 3 3 2 4 3 4 4 4 2 4 3 4 5 5 4 4 3 5 4 2 4 4 5 3 2 4 1 2 3 3 6 4 3 3 3 3 4 3 3 3 3 3 4 5 3 5 6 3 6 4 4 4 2 5 3 3 6 2 6 1 5 2 3 3 2 2 6 4 3 2 5 3 3 3 2 3 6 2 3 5 5 6 3 2 5 3 2 2 4 4 3 5 3 4 6 4 3 5 3 3 2 6 4 5 2 5 2 3 2 6 6 2 6 2 2 2 6 1 3 6 2 4 5 2 2 5 2 2 3 4 3 2 6 4 2 3 4 2 2 2 2 2 4 5 6 6 6 3 5 3 5 2 5 2 5 6 3 4 6 5 4 3 4 4 4 2 4 4 3 2 4 2 6 1 5 5 2 6 3 4 6 3 2 2 3 3 6 2 6 6 3 2 3 2 4 2 5 4 2 6 6 2 4 6 2 5 3 3 2 6 3 2 4 3 2 4 1 3 4 4 2 2 3 2 4 5 2 5 4 5 4 3 2 3 3 4 5 5 3 3 2 4 4 5 2 5 5 5 2 5 3 6 3 3 2 6 5 3 6 4 3 2 2 2 1 2 2 6 5 2 2 4 4 3 2 6 5 6 3 6 5 3 3 6 3 2 5 5 3 2 2 6 5 2 2 2 4 3 2 6 4 4 6 4 4 4 3 4 5 4 3 3 3 6 5 6 2 4 3 6 2 2 3 5 6 4 5 3 3 2 3 3 2 2 4 6 3 2 3 6 6 3 2 6 4 3 6 2 2 4 2 2 2 4 3 6 6 3 6 3 4 4 2 3 2 6 4 6 4 6 3 4 6 4 3 2 4 2 4 4 4 3 3 4 3 3 3 6 2 3 4 4 2 5 2 4 3 3 5 6 3 3 2 4 3 4 3 3 5 6 4 3 6 3 2 2 2 5 4 6 2 5 2 3 4 3 6 3 2 2 6 3 5 3 6 6 6 6 4 6 4 2 4 2 6 5 4 2 5 5 6 6 4 5 5 2 3 4 6 5 2 3 2 6 4 2 6 4 3 2 4 5 3 2 4 3 1 4 2 4 5 6 5 3 3 4 4 4 6 6 4 5 2 4 4 4 4 3 6 6 2 4 6 5 5 4 4 5 4 6 4 3 6 4 6 3 5 4 4 2 3 5 4 3 2 6 4 4 5 3 2 3 6 2 6 4 4 2 4 3 4 4 4 3 4 2 3 2 5 6 5 4 5 6 4 5 4 4 3 4 6 3 5 4 6 6 3 2 3 3 2 5 4 3 4 5 3 5 4 6 2 4 4 2 4 6 4 3 5 6 5 4 5 4 2 2 4 2 3 4 5 2 3 5 2 2 4 4 6 4 6 2 2 3 5 1 4 5 3 4 3 2 2 5 3 3 2 5 6 2 6 5 5 6 4 6 3 6 4 3 2 2 3 4 5 5 3 5 3 4 5 6 4 3 3 3 4 1 2 2 4 5 5 2 6 6 6 5 5 4 6 6 2 3 2 2 5 4 2 4 5 4 6 2 6 5 4 6 4 3 2 4 6 3 4 2 5 2 2 4 4 5 4 5 6 6 1 2 2 5 3 3 2 3 4 6 4 3 3 6 2 5 4 3 3 6 5 2 4 2 4 2 3 3 6 5 6 3 4 3 4 4 3 3 3 5 2 5 2 2 5 2 6 5 3 2 4 3 4 3 4 6 5 5 2 2 4 4 2 4 5 3 6 4 6 3 2 2 5 4 3 4 2 4 2 4 4 3 3 4 5 5 2 2 4 2 2 3 6 5 2 6 6 4 6 6 3 5 3 6 6 3 6 6 6 1 5 5 5 6 2 4 4 2 2 2 6 4 2 6 5 2 4 4 2 4 6 3 6 6 6 6 4 2 4 3 6 4 2 5 3 5 1 5 2 3 3 4 1 3 2 4 4 3 6 4 6 2 4 6 4 6 5 4 5 2 4 2 2 3 4 6 5 3 2 5 3 2 4 6 2 2 3 6 3 3 5 5 2 3 4 2 5 5 3 2 2 2 4 4 5 1 5 2 5 3 4 2 4 5 2 6 4 2 6 5 4 1 3 2 4 5 5 6 6 3 2 3 3 2 3 6 3 6 3 4 6 4 3 4 4 2 4 4 2 4 4 6 2 4 4 3 4 2 6 4 4 4 4 3 5 2 4 2 2 3 4 5 3 2 2 4 4 5 3 2 4 3 6 2 2 5 2 3 5 2 3 5 5 6 3 4 6 2 6 2 2 3 6 3 4 6 6 2 2 5 2 5 4 4 3 3 5 2 5 4 5 5 2 3 4 2 4 1 2 6 4 4 4 3 5 5 5 5 3 5 4 3 5 4 5 4 2 4 5 3 5 3 2 3 6 3 4 1 4 2 4 2 6 6 3 6 6 2 6 3 4 3 5 2 6 4 2 3 4 6 4 2 2 4 5 5 3 3 2 2 6 6 6 6 2 4 2 2 6 3 5 3 4 2 4 5 2 3 3 3 2 4 4 6 2 3 2 4 2 3 6 3 3 4 2 3 5 5 1 4 2 3 6 4 5 4 4 6 3 5 4 2 4 3 3 4 3 6 4 5 4 5 6 5 5 6 3 5 6 3 2 2 2 4 6 2 4 3 1 2 3 5 3 5 4 4 2 6 2 3 6 6 6 3 5 3 4 3 4 6 6 6 2 2 6 3 2 2 5 2 2 4 2 6 4 4 3 4 3 6 6 2 3 6 6 3 4 4 2 4 3 3 4 2 3 2 2 3 4 2 4 6 3 3 2 2 4 4 6 3 3 4 5 1 2 2 3 2 6 4 4 6 2 2 5 6 5 5 3 3 5 6 2 5 2 6 5 3 4 2 5 3 3 6 4 4 4 6 4 2 3 5 3 2 5 4 3 3 6 3 5 6 1 2 3 2 2 3 4 6 1 2 3 3 2 2 3 5 2 2 4 5 5 2 4 6 5 4 5 3 2 4 2 3 2 6 2 3 2 2 5 4 4 4 2 3 4 3 2 3 4 3 4 2 5 2 3 5 2 4 3 4 2 5 6 4 3 4 3 3 4 4 6 5 3 6 6 2 2 4 2 6 3 3 5 2 3 2 6 5 5 4 6 5 5 3 3 5 3 3 6 2 2 2 6 2 6 2 3 2 4 2 4 4 3 6 5 2 4 3 5 5 1 6 4 2 5 2 6 2 4 5 2 3 6 6 2 2 2 4 2 5 4 5 3 3 2 2 2 4 6 2 6 4 5 3 3 6 4 4 3 4 3 4 4 2 4 6 6 4 1 2 4 6 3 6 5 5 2 3 6 4 5 6 5 2 2 6 6 5 3 5 3 3 5 2 2 3 4 2 4 2 5 3 6 6 4 6 4 6 5 6 6 2 4 4 4 3 3 4 4 6 2 6 5 6 6 5 3 2 4 4 5 3 4 2 3 5 2 4 5 6 2 5 5 3 3 2 6 2 2 4 2 4 4 6 6 4 2 6 6 2 3 2 5 1 6 4 3 4 6 5 5 3 5 4 3 4 2 4 4 6 6 3 5 4 4 6 3 2 2 3 5 2 5 5 5 6 2 2 4 4 4 6 4 2 2 3 4 5 6 4 3 4 1 5 6 5 6 2 2 4 2 3 2 6 2 6 2 4 3 2 4 2 2 2 4 5 6 6 2 2 4 4 6 5 3 6 3 3 2 3 3 4 5 4 3 4 3 2 2 2 6 6 2 6 3 3 2 5 4 2 3 2 6 6 5 6 2 2 1 3 3 5 2 3 5 3 6 4 5 3 3 4 5 5 2 3 6 5 2 2 4 2 5 4 4 3 3 2 2 4 3 2 6 5 6 2 3 4 3 5 2 4 3 4 3 6 3 4 5 2 4 4 3 6 2 2 4 3 2 6 6 5 4 4 2 3 4 2 4 3 4 4 6 2 6 4 1 6 5 3 5 6 1 2 6 3 3 1 5 4 6 2 2 3 3 5 4 5 4 3 5 6 5 2 2 2 2 2 6 3 5 3 5 3 6 2 3 3 4 6 3 3 3 3 5 3 4 4 6 4 4 4 1 4 4 4 4 6 2 4 2 4 3 6 4 3 4 3 6 3 3 4 6 4 5 1 5 3 3 5 2 2 2 3 5 2 6 1 4 4 5 2 3 2 5 6 2 4 4 2 6 6 4 4 5 4 2 5 6 3 3 6 2 4 6 2 2 2 4 5 2 5 4 2 5 2 3 5 5 4 6 6 4 4 3 4 2 4 2 3 2 4 6 4 5 3 4 4 4 3 4 2 2 2 4 2 3 4 6 2 3 4 3 3 6 6 5 2 6 6 4 3 4 5 3 5 6 6 5 6 4 2 5 6 3 2 5 3 6 4 4 4 3 1 4 4 6 5 5 6 4 3 4 2 6 6 4 4 5 4 3 4 5 4 3 4 2 5 6 4 5 6 3 4 6 4 3 2 2 3 2 3 2 3 2 3 2 5 4 4 6 2 2 5 3 3 2 2 3 5 3 2 4 5 5 6 6 2 5 2 3 6 2 4 2 3 3 3 6 4 4 4 2 2 3 6 5 5 2 2 3 5 6 5 4 2 2 2 3 3 3 4 1 2 3 6 5 4 4 3 6 4 4 3 2 4 2 2 4 6 5 4 3 3 3 6 6 2 2 2 4 3 2 5 3 5 2 2 4 3 3 4 1 3 2 4 2 2 2 4 4 4 5 3 5 6 3 5 2 3 2 6 3 5 4 3 3 2 5 4 3 4 4 6 6 2 3 5 6 3 4 3 6 3 6 2 5 6 6 3 5 4 4 4 2 6 5 4 5 4 5 4 6 3 2 3 2 4 4 6 5 3 3 6 3 5 3 4 2 6 1 6 3 3 4 2 4 3 3 2 5 4 4 2 2 3 5 2 6 3 3 2 6 2 3 6 6 6 3 5 4 4 4 5 4 2 4 2 3 6 2 5 2 5 6 6 4 6 5 3 3 3 4 3 2 5 2 2 3 4 2 2 4 6 2 3 4 5 3 4 4 3 6 4 4 2 3 3 4 6 4 6 5 4 2 3 6 3 3 2 4 6 4 3 5 6 4 3 3 2 4 2 2 4 6 6 2 4 2 3 5 2 4 2 2 2 4 4 4 4 4 6 2 6 4 2 5 4 5 3 4 2 5 4 4 3 2 2 4 4 5 2 2 3 5 5 3 3 2 3 2 5 3 2 3 2 5 4 5 2 6 6 4 4 4 4 6 3 3 3 2 2 2 3 3 4 3 2 2 5 4 5 3 5 5 3 5 6 4 4 4 2 6 3 3 2 4 4 4 5 5 3 3 2 2 3 3 4 2 6 2 5 6 2 3 6 6 4 4 4 5 4 3 5 3 3 2 3 4 3 2 3 2 5 2 2 2 6 2 4 6 4 6 5 5 3 2 5 2 6 6 4 4 2 4 4 2 3 5 1 6 4 3 2 6 3 3 2 5 4 6 5 2 3 3 6 4 4 1 6 6 5 4 4 4 4 2 2 6 4 4 6 5 2 3 6 2 2 5 5 3 5 2 6 5 2 4 2 4 3 3 3 3 4 3 3 6 4 1 4 3 3 6 3 5 3 1 5 5 4 3 2 3 6 2 4 4 2 5 2 3 3 4 6 6 5 3 2 4 6 2 2 3 4 2 2 6 2 6 3 2 6 6 4 6 2 3 3 6 5 6 1 4 4 4 4 4 2 2 2 1 6 6 3 5 4 3 2 6 3 4 3 6 2 4 6 5 6 6 2 3 5 2 5 1 6 4 2 3 2 2 6 3 4 5 5 3 3 3 6 3 2 3 3 5 2 4 5 3 2 3 5 3 3 2 3 2 2 3 4 3 3 2 4 4 3 4 2 3 2 4 3 2 6 2 6 4 2 4 4 3 3 6 2 4 3 4 5 3 6 5 4 4 3 5 4 3 3 4 3 5 3 6 3 5 5 3 2 6 3 6 3 4 2 6 2 5 2 3 4 5 5 5 5 3 3 5 4 3 6 5 2 5 5 4 2 2 2 5 4 6 6 4 2 5 3 2 6 4 4 6 4 4 5 3 4 4 6 4 6 5 2 3 2 2 5 2 4 2 4 4 3 5 2 4 5 5 6 2 4 3 6 4 5 2 4 4 1 2 1 4 2 2 4 3 6 3 2 2 6 3 4 2 6 5 6 2 4 5 6 6 6 3 4 3 4 6 4 3 3 5 5 6 6 3 2 2 3 5 4 4 4 3 5 1 5 6 2 2 2 1 6 4 4 5 2 6 6 2 2 2 4 5 6 4 6 4 3 4 2 6 4 3 5 3 3 4 2 4 5 5 6 3 6 3 4 4 5 4 4 4 2 4 6 2 2 3 3 5 5 6 4 4 5 4 5 2 2 4 3 4 3 2 2 4 6 6 5 3 5 4 5 5 2 2 5 6 3 4 6 4 4 4 5 5 5 6 6 6 3 2 2 6 3 4 5 2 4 3 3 6 4 2 6 3 3 2 4 6 3 6 2 5 3 4 2 5 4 2 6 6 5 4 3 3 5 2 5 4 2 2 6 6 2 6 5 4 3 6 6 4 2 3 3 5 4 6 4 6 6 2 4 3 6 4 3 5 3 3 4 3 5 5 5 6 5 3 6 6 6 5 6 6 6 2 3 3 3 2 2 6 3 6 4 4 4 3 3 3 6 5 5 6 5 4 5 2 5 4 2 3 6 5 6 6 4 5 3 2 6 6 4 3 6 4 6 6 3 3 4 3 5 2 3 6 6 4 5 6 3 3 2 3 4 3 4 5 3 6 2 6 5 2 3 6 4 2 4 6 2 6 5 6 6 3 4 6 4 6 6 3 6 6 4 3 2 3 2 5 4 4 3 3 2 5 2 3 2 4 2 3 3 2 4 3 6 4 5 5 3 5 5 3 3 6 5 2 5 6 3 5 4 6 6 6 3 5 5 5 6 2 6 5 3 5 3 2 4 4 5 2 2 6 6 6 3 5 2 4 2 2 2 5 4 2 6 5 4 6 3 3 6 6 5 5 3 2 3 2 6 3 3 6 3 2 5 2 6 3 5 4 6 4 3 6 2 3 5 3 5 6 5 3 3 3 3 5 3 3 3 2 4 5 2 2 3 5 6 2 3 6 4 4 6 2 6 3 3 5 6 3 2 3 3 4 3 3 6 1 2 5 4 1 3 5 3 3 3 3 3 5 2 6 2 3 3 2 6 2 2 1 6 3 6 6 5 4 5 4 6 5 5 3 5 3 4 5 2 5 6 1 2 6 1 3 6 6 3 6 2 2 6 5 3 2 3 6 6 2 6 4 6 4 2 3 6 3 6 5 2 2 3 4 6 6 3 2 3 3 2 6 3 6 2 2 3 5 6 2 3 3 2 6 5 3 3 4 4 2 4 6 6 3 4 3 3 4 3 2 6 3 3 3 6 6 5 4 2 6 1 6 5 3 5 6 3 4 2 5 2 3 3 3 4 4 6 5 2 3 5 2 3 5 3 4 3 2 5 4 3 3 3 6 1 2 4 2 5 2 4 2 5 4 6 2 2 2 2 6 6 6 2 5 3 3 4 2 5 6 5 2 3 4 3 3 3 3 2 6 2 2 3 5 2 5 2 2 2 3 5 3 5 2 2 3 3 2 6 6 4 2 6 2 3,93 1339 1286 1280 904 969,93 1339 1286 1280 904 969,51.00971969999955,0.0070867101495873,0.0125130283393675,0.0137989829363809,-0.1374423033381739
20ng,7276,20,5 11 19 6 14 9 18 12 16 15 15 20 4 4 1 13 12 17 16 17 16 5 13 15 4 12 7 4 9 11 17 4 7 5 19 12 4 14 16 12 3 14 14 18 8 6 10 10 8 4 11 4 12 18 20 6 19 4 16 1 7 16 10 17 6 19 3 9 13 9 5 20 1 2 4 8 7 13 14 5 4 16 15 17 14 1 16 12 5 20 2 2 16 11 1 3 16 3 16 7 19 5 3 13 6 6 7 6 12 15 7 9 6 16 17 7 10 6 12 12 3 12 20 1 7 5 14 12 18 5 10 16 17 17 3 15 12 8 10 2 10 16 12 2 16 19 15 8 17 4 6 9 19 2 16 6 11 18 19 1 19 8 13 20 1 1 2 10 3 1 16 15 15 17 1 13 14 7 4 16 6 18 9 5 12 12 2 9 16 15 16 1 3 12 5 13 19 12 8 3 1 10 18 19 6 5 15 20 14 4 13 4 2 8 12 6 2 12 12 6 11 5 6 5 20 8 12 20 3 17 9 14 14 16 11 20 10 7 14 1 4 14 15 13 9 12 13 20 11 18 1 2 17 15 1 18 9 18 12 17 11 12 18 10 10 9 9 3 20 3 18 20 17 7 11 4 20 1 14 5 11 6 10 19 10 12 16 1 13 11 9 19 2 3 9 12 10 8 19 5 9 11 3 13 1 12 5 2 8 13 5 9 17 20 15 16 5 11 11 11 3 8 5 2 9 5 8 18 12 16 5 10 16 11 5 19 13 13 11 14 19 2 8 11 12 10 9 7 4 13 3 9 7 19 6 8 4 20 4 16 15 5 16 19 16 19 11 2 6 15 2 14 20 10 18 2 9 20 17 10 11 17 18 11 16 12 5 18 11 1 16 9 8 11 15 6 11 15 7 13 4 5 20 12 8 6 3 11 1 14 5 13 15 4 2 10 17 2 14 16 9 16 5 11 14 2 19 18 9 12 12 16 12 4 4 18 11 8 6 18 1 12 15 3 20 6 9 17 13 18 8 14 3 13 11 20 12 9 4 15 4 5 10 1 12 5 7 8 20 17 13 8 6 7 16 7 18 1 13 2 5 9 2 17 2 13 9 6 11 20 2 9 20 1 2 19 16 16 17 10 10 11 11 2 17 16 17 9 16 6 3 11 3 14 18 18 11 14 7 18 1 7 15 8 7 5 5 9 5 3 8 10 16 15 15 16 2 6 11 4 8 5 17 3 3 5 3 8 14 15 14 5 9 2 8 9 13 1 18 1 1 2 12 6 12 15 5 8 15 15 13 16 6 1 9 8 2 1 6 15 3 19 13 6 10 13 1 8 19 18 8 14 18 7 12 10 5 20 3 11 18 16 19 14 19 17 14 7 11 6 8 1 12 4 19 5 5 8 15 12 17 3 18 8 4 6 2 16 1 17 13 11 18 4 10 2 8 17 10 8 8 16 16 6 18 19 9 10 6 15 6 3 14 3 17 8 11 1 15 20 11 12 3 10 7 13 7 4 2 4 19 9 7 8 6 10 18 14 14 3 3 10 4 14 19 11 4 14 16 4 6 4 14 5 16 11 17 2 6 2 2 15 8 19 8 10 12 19 7 10 7 20 15 17 3 6 17 6 9 4 5 14 13 7 6 13 11 19 5 7 5 3 8 4 15 10 5 12 9 3 14 3 11 11 18 13 7 4 16 10 20 10 17 19 14 13 6 16 13 9 5 8 6 4 7 13 3 6 14 11 9 11 6 5 7 3 6 2 3 12 15 18 10 11 15 13 12 19 4 3 14 5 8 5 3 17 13 13 11 13 8 17 8 13 2 1 17 9 11 20 15 11 13 6 18 6 9 5 13 10 13 8 18 18 5 7 5 5 4 12 3 9 10 12 16 9 12 5 6 3 1 16 7 3 15 11 1 12 16 4 7 5 2 18 7 6 6 10 9 20 15 7 2 19 5 16 16 16 18 14 9 12 8 12 6 12 4 9 17 20 17 15 12 19 4 17 6 3 10 12 5 7 12 15 14 18 10 5 18 9 18 10 12 17 9 16 8 11 19 4 8 20 14 6 20 3 10 9 9 6 2 19 10 9 15 1 19 18 16 2 11 11 6 20 2 6 13 19 5 6 19 17 10 4 9 1 19 12 15 7 10 4 11 7 6 8 12 11 12 3 8 19 9 9 19 4 6 5 4 7 10 4 14 4 11 18 11 14 3 5 10 15 20 10 8 5 17 14 5 15 19 3 13 4 12 6 2 18 13 13 7 5 11 4 11 12 12 17 20 2 13 12 13 2 20 14 13 8 16 8 14 7 15 13 18 2 9 3 3 12 4 1 16 3 15 5 1 20 3 1 11 12 14 12 14 17 14 14 20 19 6 17 2 15 3 20 17 20 1 2 13 16 18 13 7 18 4 7 14 12 4 16 15 10 20 10 19 20 18 19 4 18 7 9 7 14 12 4 5 11 4 16 19 8 5 5 16 15 16 7 1 7 11 10 8 8 18 20 11 15 2 14 20 14 15 11 14 18 3 8 7 11 9 9 18 13 18 11 6 15 3 18 1 19 17 1 6 15 2 17 16 8 17 17 14 20 15 20 18 16 9 10 15 14 8 18 6 19 5 19 6 10 2 6 16 2 9 2 14 7 8 18 2 14 9 6 19 5 12 3 6 9 14 6 6 10 15 7 6 13 6 10 19 5 5 9 8 1 17 1 16 10 18 2 18 11 14 11 14 8 10 12 6 12 17 3 15 19 13 18 7 17 1 7 3 5 4 17 4 1 8 13 3 15 9 3 17 11 1 8 11 9 11 10 2 12 8 3 8 18 10 13 7 15 7 2 16 15 19 3 19 10 2 14 11 16 15 6 16 3 20 9 13 4 6 6 18 1 9 16 6 11 11 15 5 7 14 6 1 4 2 11 10 5 8 2 4 3 14 9 13 18 2 15 17 10 4 12 9 15 18 5 10 10 13 3 3 17 1 16 16 1 2 7 12 12 7 16 12 4 18 5 14 9 13 2 6 9 9 5 4 8 16 9 6 5 13 12 16 10 1 11 5 13 5 15 11 14 11 11 13 13 10 10 6 6 16 10 16 16 11 15 13 6 7 3 6 13 10 9 3 9 11 17 15 2 1 1 14 20 13 7 12 12 12 1 8 18 16 8 1 2 1 16 8 17 9 17 20 1 18 9 8 20 16 4 11 9 7 7 19 6 16 12 3 20 1 11 9 6 16 12 16 2 13 19 15 6 10 1 19 18 18 11 13 10 13 5 7 3 3 5 17 12 18 14 14 10 1 2 16 6 8 1 12 8 20 9 13 11 4 7 20 6 13 15 18 15 2 10 3 8 17 19 16 16 6 2 17 20 3 19 10 4 5 10 5 3 17 7 8 10 7 3 12 5 6 12 2 8 16 9 4 3 6 15 9 9 11 11 10 16 9 8 20 7 5 12 11 19 13 6 15 11 8 17 6 7 3 14 17 1 11 19 20 7 12 13 14 3 19 2 16 10 10 10 9 9 4 1 3 7 17 11 11 4 18 19 1 9 7 13 2 2 16 10 7 4 15 5 10 8 1 14 10 7 20 16 10 7 1 14 5 13 2 15 1 2 17 2 19 7 11 12 5 20 8 18 6 20 5 19 4 5 1 8 15 19 8 7 19 4 3 18 9 2 13 6 1 13 4 3 9 4 8 11 15 8 14 18 2 9 11 10 15 3 12 5 1 19 15 14 17 6 5 18 14 10 1 15 6 9 18 20 9 14 19 20 2 16 7 3 10 11 20 11 18 18 12 3 20 11 2 9 13 12 7 4 2 9 6 14 5 17 6 7 8 16 12 16 2 8 10 19 5 18 14 3 1 5 14 18 4 19 3 14 3 1 2 13 13 17 8 9 15 8 19 1 10 15 7 3 1 6 14 8 2 19 14 17 17 3 15 7 13 4 14 13 1 2 9 17 3 11 10 5 13 10 13 8 6 14 6 1 19 1 7 16 2 17 14 1 14 14 16 5 8 3 10 10 16 18 1 5 1 3 7 19 1 7 15 4 11 17 3 9 9 1 9 8 14 15 7 4 2 4 9 20 19 1 13 17 16 10 17 15 9 13 14 2 7 10 15 14 6 8 12 14 8 2 20 17 16 19 3 15 17 17 12 5 6 5 3 18 19 17 15 2 17 6 9 3 15 12 6 13 14 13 18 13 5 10 11 13 17 5 18 2 20 13 15 19 15 11 8 8 6 18 5 14 14 17 1 12 3 15 13 20 6 3 11 8 13 7 20 9 17 14 19 16 4 9 6 15 8 4 1 12 6 1 11 20 16 14 12 4 15 8 12 2 9 9 17 7 8 1 11 7 14 15 3 12 2 8 6 18 18 12 3 14 2 4 13 13 11 7 18 6 6 6 4 14 5 4 2 9 6 17 16 3 20 2 1 17 8 13 6 6 11 10 13 6 11 10 18 8 14 8 3 5 18 17 7 6 16 14 5 18 18 7 3 8 6 14 11 19 18 19 20 12 7 8 19 18 13 10 7 14 15 17 5 5 18 1 8 14 3 18 7 18 17 4 13 2 5 12 11 10 2 12 1 13 19 6 18 14 2 19 19 3 17 10 14 8 17 14 1 14 1 4 18 2 11 15 10 8 2 10 5 5 14 20 16 1 3 12 17 16 4 3 14 6 1 14 5 12 7 18 19 11 3 1 11 14 7 16 15 19 19 16 5 3 1 11 10 15 4 4 4 17 17 16 12 18 14 11 7 2 8 7 15 7 14 15 19 17 20 17 14 9 7 17 5 18 4 14 3 10 17 10 17 5 20 4 11 3 9 9 1 18 1 3 18 7 18 4 19 13 1 16 3 14 14 17 19 3 11 3 14 14 5 16 7 3 9 5 18 1 17 4 16 8 8 2 1 16 3 12 9 6 16 8 6 12 5 5 2 20 10 20 9 13 18 17 14 10 8 2 12 4 1 7 2 18 8 2 16 19 14 7 2 7 5 18 12 16 15 3 13 4 11 20 6 17 9 14 16 12 4 9 4 1 12 17 6 16 16 5 14 3 6 2 16 7 20 11 10 9 1 12 10 20 8 17 15 5 10 20 4 15 3 11 10 4 6 18 13 12 9 7 14 18 18 17 6 6 2 11 19 13 11 7 6 11 16 3 18 5 19 7 19 2 14 3 13 11 8 9 14 7 10 9 5 15 15 13 15 18 4 15 18 8 7 9 12 12 11 4 10 4 3 19 10 10 14 1 7 4 19 5 14 20 7 1 11 11 6 15 19 11 7 10 4 11 15 9 14 5 18 19 7 4 7 20 3 13 12 3 12 17 17 2 5 7 10 3 12 16 4 3 7 14 5 17 7 15 7 4 3 14 1 7 12 6 8 10 13 11 17 17 16 4 12 6 20 4 1 5 18 6 1 9 4 14 10 4 7 16 11 14 14 18 8 11 11 9 1 13 4 16 15 2 9 16 6 5 5 16 20 13 9 17 10 15 20 10 20 17 2 1 12 13 18 13 5 8 17 12 11 8 12 19 10 15 20 11 11 19 7 20 11 4 9 12 14 4 16 8 12 18 6 18 13 11 13 16 10 11 11 9 14 2 10 4 13 18 20 1 13 1 5 11 8 1 18 15 3 12 7 17 9 4 15 13 15 12 15 11 16 13 10 4 5 11 4 15 2 11 4 17 16 14 16 14 8 15 14 9 1 9 9 15 2 14 4 19 11 18 20 5 2 12 5 3 18 18 2 3 8 19 14 12 12 2 17 5 5 14 4 12 12 3 15 17 6 11 9 15 9 15 8 13 12 11 1 13 6 10 16 12 4 20 2 4 5 8 7 2 9 14 3 2 4 2 8 11 4 11 11 17 3 18 8 8 18 13 10 15 15 7 7 2 5 3 20 8 7 16 4 11 11 5 6 8 17 7 3 3 15 20 6 7 20 2 13 18 6 2 12 16 18 12 8 18 2 11 16 11 4 1 10 17 11 9 7 17 17 4 8 10 12 14 15 13 14 16 2 4 9 19 19 15 6 19 7 10 14 4 8 19 11 6 11 2 8 16 20 12 6 1 10 7 9 5 14 6 5 11 10 18 6 11 16 13 5 19 18 7 16 10 20 17 19 5 3 6 16 5 5 12 14 4 14 7 10 7 20 14 10 12 1 11 11 1 4 12 7 18 15 3 4 14 2 10 14 8 4 18 15 2 9 4 6 12 6 15 20 16 19 16 3 7 2 17 2 15 10 10 17 10 14 7 15 20 5 13 2 1 1 6 4 13 3 8 4 1 7 17 6 2 6 16 20 16 2 12 11 11 20 6 13 1 10 3 12 10 2 6 9 4 20 7 5 12 6 10 12 14 3 17 15 8 1 7 17 1 10 5 4 5 5 11 15 1 10 11 9 18 4 10 6 10 18 2 5 15 1 17 6 12 20 15 17 8 19 7 11 11 7 14 1 16 10 8 8 18 3 16 19 15 16 9 12 14 4 10 11 7 9 11 20 9 8 14 19 11 4 12 3 12 10 2 14 17 15 8 18 3 4 7 5 18 16 3 2 11 10 3 10 2 14 8 3 15 14 5 16 14 14 19 1 11 3 15 5 15 16 13 5 19 20 10 16 17 4 19 9 11 13 5 14 4 19 5 2 4 10 8 11 19 2 12 8 3 3 2 18 1 8 4 15 8 7 14 6 16 10 2 8 9 17 3 20 13 6 17 11 10 6 2 17 17 7 11 14 4 7 9 18 9 3 1 17 11 10 8 18 9 12 9 9 11 16 19 6 5 19 15 14 9 15 2 17 16 2 18 12 20 20 15 10 9 5 4 15 15 15 1 3 19 10 8 10 9 9 19 9 1 9 6 7 16 7 14 2 14 5 13 6 18 13 11 1 17 13 13 18 10 6 17 5 14 9 13 19 13 4 18 20 17 8 4 4 18 1 2 4 3 15 20 8 11 7 17 6 18 14 4 2 9 17 11 13 6 16 15 12 13 8 9 16 15 2 13 1 4 13 3 10 9 7 9 18 17 18 2 11 20 10 17 20 7 10 10 14 7 8 8 14 6 9 6 18 9 12 4 14 20 8 17 6 15 17 15 10 10 12 20 4 9 4 9 2 17 17 5 6 11 14 17 13 5 11 16 14 9 14 11 11 16 19 7 4 7 17 9 11 13 8 15 8 12 13 17 19 14 8 13 3 17 2 13 16 11 7 16 14 3 18 14 13 4 13 3 16 12 7 2 19 4 3 20 6 10 13 10 15 10 11 3 4 10 14 15 16 12 17 4 13 18 14 18 15 18 1 12 12 2 18 3 2 18 14 7 19 19 18 13 18 15 7 1 15 5 15 9 17 16 4 6 1 17 2 4 19 17 2 5 3 18 9 17 8 12 11 17 17 3 17 13 13 4 10 13 12 10 19 19 19 1 20 14 1 19 1 16 3 2 7 10 6 20 13 4 3 9 13 12 11 6 1 16 1 17 19 5 15 12 18 13 13 14 10 6 14 18 5 15 16 9 19 19 13 8 15 1 1 9 2 7 10 12 16 7 18 9 10 5 15 11 3 18 9 7 3 10 1 8 18 16 13 12 9 5 18 4 17 10 1 16 6 4 14 9 14 10 2 13 8 14 12 10 7 17 11 17 13 15 7 13 12 7 20 12 4 14 9 2 10 16 9 18 9 10 17 14 9 4 14 8 10 11 12 2 11 7 14 8 2 4 7 2 16 16 14 2 9 11 6 15 10 4 7 20 17 8 19 20 4 9 8 19 7 9 12 17 2 4 16 5 18 13 6 19 13 18 7 8 3 12 9 9 5 10 13 8 14 5 2 3 9 16 11 18 14 10 7 3 7 15 8 13 16 14 18 7 12 7 4 17 19 19 15 5 10 6 6 1 12 4 8 8 7 11 12 1 16 4 8 1 6 5 17 9 13 13 18 11 9 17 8 11 12 16 15 13 1 8 3 16 13 13 12 17 6 10 3 7 13 1 9 16 7 2 12 2 1 19 19 14 12 4 7 13 4 10 11 11 4 1 18 8 12 4 9 3 4 16 10 3 1 12 7 7 18 17 5 17 5 19 13 2 5 3 5 3 8 17 19 11 3 15 5 4 15 3 16 9 19 19 15 1 19 18 15 9 15 12 1 6 5 9 7 3 6 16 8 10 7 3 2 6 4 4 5 13 20 4 9 15 19 19 15 10 2 13 2 5 12 12 10 5 9 4 2 14 11 11 12 3 5 3 12 17 10 4 18 17 14 6 2 18 2 11 20 20 9 2 14 14 12 16 17 18 20 7 19 12 15 13 14 16 4 9 7 7 15 9 2 10 8 7 17 5 7 3 18 10 8 3 10 14 16 6 10 14 1 14 14 11 15 11 17 9 10 9 20 6 10 11 17 18 12 10 17 13 15 3 2 16 14 18 9 11 15 16 18 2 8 2 3 2 20 3 6 8 15 4 12 4 14 16 5 14 8 12 11 1 16 2 1 16 3 14 5 15 2 14 16 9 19 10 16 17 2 18 3 7 14 14 6 16 16 3 14 11 19 2 15 6 11 11 17 2 15 9 7 4 15 11 1 3 6 4 16 3 2 20 13 3 19 17 2 5 12 4 2 15 10 18 3 5 17 10 10 14 4 20 17 5 2 2 11 8 9 1 20 9 13 14 10 18 12 9 14 13 2 16 8 11 4 18 5 9 6 8 10 2 14 1 4 13 16 1 12 10 8 5 17 11 15 19 16 17 13 3 18 11 13 15 7 14 11 7 19 7 17 3 20 5 18 11 12 15 1 9 19 13 5 9 14 11 5 18 4 10 13 1 14 15 19 15 2 18 4 16 15 9 17 3 8 5 7 14 18 4 15 12 1 4 7 16 18 10 3 2 15 8 20 12 11 13 1 2 17 15 16 11 16 11 13 15 16 2 2 11 13 19 20 13 11 1 10 12 4 10 18 16 6 17 4 13 10 2 10 7 3 15 10 13 12 10 17 2 10 5 19 14 8 18 12 16 6 5 20 14 6 18 10 19 10 18 19 12 1 13 1 4 4 11 16 3 1 4 11 1 4 2 12 9 3 9 8 11 4 9 2 10 3 2 15 10 13 12 6 19 18 6 12 11 16 13 19 19 18 10 4 7 11 13 7 18 5 15 19 11 3 7 9 16 13 6 13 17 8 10 13 17 14 6 20 5 10 16 15 16 9 11 13 1 10 5 16 20 7 9 4 13 10 9 11 13 11 20 7 13 2 18 18 17 13 8 5 4 12 17 8 18 3 3 17 10 9 15 7 6 17 9 2 4 3 17 7 8 18 1 15 12 5 20 17 3 10 8 14 8 7 19 15 10 18 6 8 3 6 9 15 8 8 15 5 15 15 12 12 13 9 12 3 2 18 1 2 15 17 18 12 9 18 11 19 11 3 9 18 16 2 9 8 12 19 17 5 16 7 16 12 9 16 5 3 3 9 10 4 16 13 2 10 19 15 14 10 12 1 2 14 10 18 6 6 8 11 15 15 3 12 17 5 5 13 2 5 11 17 19 2 3 13 6 13 4 6 7 3 14 1 17 14 15 13 1 20 16 6 12 15 8 8 8 19 7 15 18 2 1 7 16 7 4 12 19 1 17 19 18 17 17 13 10 5 16 7 3 4 12 16 8 19 2 7 14 11 5 7 2 14 5 17 6 3 10 18 9 13 15 10 8 18 17 1 4 13 18 10 2 9 14 18 12 11 15 5 3 5 9 12 15 7 4 10 18 7 5 14 12 5 7 3 12 7 8 15 9 2 10 19 13 3 18 13 17 6 7 8 1 17 14 18 17 20 15 8 12 5 7 4 13 6 18 11 19 20 1 17 18 8 8 10 14 17 6 10 19 16 17 4 16 20 17 15 19 3 16 11 14 1 10 2 9 14 9 2 18 4 9 6 5 12 8 13 3 12 18 6 11 18 13 8 6 16 18 17 8 18 5 16 12 5 7 6 9 10 6 18 13 9 7 13 6 4 2 9 4 3 18 11 13 13 8 7 4 16 20 13 5 3 9 12 12 2 9 16 10 4 12 1 13 15 8 11 12 6 1 18 5 11 17 2 18 16 6 4 9 1 13 8 13 20 13 9 6 11 20 3 15 13 3 5 14 11 2 1 8 19 8 11 4 6 2 17 2 14 10 14 18 4 17 2 8 5 9 15 3 5 5 6 16 18 16 13 3 9 17 18 6 9 10 3 7 5 19 7 16 5 1 19 13 6 14 10 18 20 4 9 8 2 6 9 10 18 15 17 9 1 16 19 18 14 19 13 19 1 7 3 15 11 6 18 10 12 19 14 12 12 2 2 12 20 2 5 3 15 14 13 10 1 16 11 2 16 9 14 15 11 17 19 18 10 4 1 13 12 19 2 3 19 11 2 3 3 3 8 17 2 1 13 6 5 20 7 8 1 9 14 16 18 7 2 17 1 7 3 7 5 12 2 7 2 19 15 11 13 13 15 3 13 1 11 19 4 13 14 16 6 19 17 6 8 2 1 8 5 15 7 6 15 8 4 18 11 10 4 16 12 1 10 9 4 16 3 16 6 16 16 18 10 10 14 12 9 8 19 14 13 10 16 8 10 9 3 17 18 5 11 6 3 3 3 14 18 2 11 9 19 20 19 2 14 11 19 8 10 1 10 7 12 8 15 11 13 9 13 15 10 9 1 8 17 6 12 18 9 20 2 13 9 20 12 16 17 9 6 19 6 5 13 9 15 3 3 9 3 4 14 5 10 16 10 7 6 20 13 14 6 14 6 1 6 7 10 12 20 13 17 1 11 11 16 10 5 14 5 2 5 17 19 8 2 12 8 16 15 8 10 14 2 15 7 14 5 12 12 6 10 17 5 6 14 12 12 2 20 18 11 7 13 6 9 14 13 8 9 15 14 3 8 2 12 14 6 6 18 4 17 16 2 16 10 14 1 13 18 6 4 2 2 1 19 11 14 20 6 12 17 14 2 8 6 3 3 11 15 5 18 16 13 19 14 20 6 1 20 3 13 5 17 10 19 13 3 10 20 7 9 17 16 15 11 12 2 12 20 1 4 12 6 1 17 15 15 3 8 16 13 11 5 16 6 19 6 13 4 13 12 3 11 10 14 6 11 17 14 20 6 1 10 12 15 7 15 7 17 18 3 6 15 6 20 4 18 16 7 8 2 15 10 5 15 3 19 16 14 4 19 1 3 17 14 16 16 16 15 8 17 11 9 8 4 2 17 7 12 9 9 17 6 5 7 14 16 7 10 4 7 9 18 6 4 14 19 15 1 5 10 9 6 15 9 7 7 7 5 2 4 1 16 8 14 9 12 16 3 20 20 12 13 2 9 14 8 19 2 1 7 3 11 3 12 9 13 1 10 10 16 16 16 5 3 1 14 19 3 5 20 12 10 2 17 11 11 11 20 7 15 2 7 4 20 18 5 19 19 4 4 1 8 13 20 16 7 15 6 1 10 9 12 12 14 8 1 18 3 17 8 3 15 14 15 6 18 20 8 12 10 4 20 12 5 10 5 15 20 4 8 8 8 2 15 10 11 9 8 11 16 2 3 18 5 1 5 16 15 18 16 9 9 18 4 7 8 10 14 19 2 3 16 14 9 12 9 13 8 5 8 13 14 13 6 18 12 8 1 16 18 7 7 18 14 17 9 14 6 8 7 13 11 18 19 9 18 2 2 13 5 17 6 13 14 11 16 2 6 11 4 18 15 1 5 14 1 9 7 17 9 9 18 6 15 12 5 2 1 18 17 4 12 14 2 2 20 5 19 11 16 7 9 4 6 9 4 7 1 14 10 2 16 12 8 4 11 3 13 9 18 5 19 17 8 4 8 8 2 4 13 8 4 6 9 12 9 7 15 15 1 12 15 4 4 3 2 13 13 7 13 3 10 7 14 12 20 10 4 15 2 7 3 5 17 9 18 20 7 18 12 6 13 12 3 14 5 1 2 6 10 14 2 12 7 1 16 11 5 12 1 10 16 12 11 5 1 7 5 14 20 5 19 8 3 2 18 14 4 11 5 13 1 15 7 17 5 12 6 15 17 10 5 9 15 14 19 19 12 19 10 4 6 6 16 5 17 6 8 15 10 1 14 13 15 3 8 3 14 5 15 18 10 13 20 18 8 17 10 4 17 9 10 3 17 15 2 13 3 5 3 10 13 3 4 17 14 7 2 6 15 14 7 3 9 20 15 6 13 10 6 14 13 13 16 2 10 7 16 11 2 20 1 15 20 16 15 1 6 18 17 14 1 16 6 3 12 7 20 16 18 4 15 4 9 16 9 6 9 6 5 5 14 15 7 14 2 14 4 13 6 13 17 12 7 10 8 11 4 9 9 5 17 5 4 2 17 10 8 6 3 16 5 4 20 5 8 15 19 16 18 18 2 16 9 11 9 15 10 17 12 1 9 3 3 20 8 2 13 1 14 1 7 19 14 19 18 18 5 14 11 11 12 12 11 8 12 15 13 15 6 7 13 20 2 4 3 14 2 3 10 4 15 13 16 17 5 12 11 12 1 14 13 12 17 3 8 5 16 12 4 9 12 13 9 18 13 4 18 17 2 20 2 18 9 17 18 3 7 10 7 10 17 10 8 6 7 3 13 16 7 12 20 4 2 2 11 1 14 15 17 4 16 5 14 7 20 7 5 8 5 19 7 7 7 13 20 2 11 5 9 19 11 10 20 6 10 3 9 17 13 15 5 14 1 15 18 15 13 14 9 2 2 8 2 19 18 5 18 5 19 11 18 11 9 20 3 14 4 16 7 3 17 20 18 10 16 3 8 16 1 2 4 13 9 1 3 20 13 12 15 7 7 19 20 11 15 5 2 4 19 18 6 19 8 18 12 19 2 3 13 16 13 19 19 12 2 20 18 14 13 5 3 19 13 7 16 15 11 19 4 12 15 8 2 6 1 3 1 14 3 5 2 11 6 13 8 7 14 11 2 18 18 2 17 3 19 4 4 7 16 18 15 8 17 8 3 3 1 15 6 8 8 6 6 17 9 2 18 2 13 7 8 13 12 6 6 6 17 13 6 13 11 8 20 7 14 8 18 9 3 2 8 14 7 5 4 20 20 19 18 17 19 10 4 19 16 2 9 15 7 15 12 6 16 11 6 6 18 14 3 17 14 6 19 1 10 20 15 17 2 8 12 4 10 5 15 17 6 7 5 1 6 6 18 7 11 8 3 3 20 5 18 6 13 13 1 10 11 15 8 3 13 15 7 7 8 16 5 14 4 10 11 12 5 10 20 6 15 15 3 14 8 7 10 4 14 14 13 6 2 19 11 2 2 15 13 5 3 4 12 13 6 17 8 6 14 8 11 16 11 3 6 1 19 1 1 4 6 6 7 7 4 2 11 15 7 11 5 12 14 9 14 16 3 12 16 5 9 15 16 16 13 18 1 12 9 6 20 1 15 2 15 7 15 9 18 12 6 2 20 1 16 7 10 18 18 17 11 17 5 16 20 4 10 18 16 1 6 20 6 17 10 6 17 16 11 16 13 14 1 10 12 18 1 13 5 10 18 7 3 6 4 9 12 14 10 15 16 3 15 16 12 13 12 11 6 3 10 19 13 6 7 1 5 1 16 4 4 15 19 4 8 6 10 15 6 16 19 2 19 3 16 7 13 14 10 11 19 16 1 4 10 19 15 4 5 1 8 9 12 12 10 6 5 12 14 6 14 15 6 3 14 18 1 8 9 1 8 1 14 19 11 8 7 4 15 16 1 3 1 20 17 15 3 3 12 9 14 12 3 1 18 16 7 6 4 2 3 7 11 2 17 19 3 11 11 14 13 7 13 17 19 7 4 10 5 4 14 17 1 14 14 9 8 10 17 16 11 7 13 9 16 5 2 6 11 11 3 13 5 6 4 9 8 1 12 13 14 1 16 2 11 20 13 14 20 11 3 15 19 15 5 14 6 10 18 17 2 4 12 7 9 10 13 18 12 6 17 17 8 5 2 17 7 11 16 8 11 20 2 19 17 8 3 20 5 15 2 2 3 4 20 4 16 8 4 17 9 6 3 6 16 17 8 12 3 19 11 13 13 3 6 20 16 18 18 9 6 7 15 14 19 1 6 18 9 11 13 7 20 11 14 2 7 5 9 12 18 11 9 3 11 7 3 4 2 6 3 12 7 13 9 16 14 15 2 3 11 15 19 4 4 16 4 19 19 11 8 16 18 17 19 15 19 17 1 13 12 7 9 11 14 7 16 12 15 10 5 18 2 7 17 6 12 18 9 12 20 18 3 4 3 9 18 19 13 14 2 6 18 14 13 4 4 13 8 15 19 20 20 4 5 2 17 17 12 4 4 19 15 14 16 17 7 4 12 7 18 18 18 4 5 12 11 5 16 20 7 15 11 11 16 3 5 2 15 6 4 11 18 6 7 4 3 9 13 17 20 19 20 20 3 10 17 11 10 13 12 17 14 4 16 16 12 16 10 3 19 4 13 14 2 18 13 19 12 16 14 11 11 18 8 9 9 18 8 2 18 9 12 3 7 4 2 2 8 7 4 19 10 1 15 3 12 8 18 5 1 17 5 8 8 9 8 10 18 5 7 8 10 13 3 11 15 13 9 14 18 3 4 6 17 9 15 19 9 9 10 6 19 19 2 16 16 15 4 2 8 8 5 15 15 16 11 1 3 7 1 20 16 18 11 5 6 6 4 7 1 11 4 10 8 13 12 17 20 2 4 6 17 19 14 17 20 15 20 4 5 7 3 2 10 20 2 3 11 16 13 14 12 4 15 9 13 8 5 10 6 10 2 6 17 16 16 6 4 14 15 15 16 2 5 11 8 2 15 17 14 5 2 16 18 13 3 12 19 11 4 4 11 7 15 5 1 11 5 4 12 10 16 6 11 19 17 16 4 19 8 10 12 14 15 9 9 1 17 1 11 19 8 17 8 16 14 20 19 2 15 12 18 9 12 16 4 20 5 7 15 14 7 12 19 18 16 16 11 2 1 15 19 20 17 13 7 14 2 19 10 18 4 13 19 12 18 3 16 11 5 6 13 9 6 9 15 1 6 5 17 3 18 1 18 6 7 11 16 19 1 19 14 8 18 16 8 12 10 18 3 5 19 10 4 12 8 10 2 2 18 3 18 7 11 11 4 2 5 9 7 8 10 13 10 1 2 6 15 9 5 12 1 3 14 3 16 18 13 19 13 15 7 13 18 19 18 8 13 17 11 10 15 3 17 9 13 2 9 13 5 5 15 6 11 1 16 5 7 4 11 7 12 8 2 15 7 13 19 7 16 8 17 20 3 12 8 15 20 7 11 5 5 11 7 20 16 2 13 4 18 4 16 12 5 8 4 18 3 18 9 10 11 1 20 6 20 10 3 9 5 2 1 4 4 3 8 2 11 18 5 17 19 11 6 9 5 16 6 2 16 17 5 14 17 13 19 1 17 4 20 7 11 20 5 18 9 17 9 8 8 12 12 9 13 12 20 12 18 13 7 18 9 8 16 8 8 4 13 15 17 14 6 8 3 19 9 3 9 15 8 5 4 17 4 9 13 14 10 13 19 5 11 6 17 2 2 15 9 10 4 5 11 12 5 4 2 4 18 16 14 17 6 9 12 16 19 9 20 12 4 10 17 10 14 17 6 10 5 9 18 11 7 8 12 1 13 13 8 2 7 20 8 8 16 5 12 5 6 19 7 17 1 13 1 4 19 12 8 16 2 17 14 2 12 16 14 16 7 8 6 17 4 3 3 11 6 15 2 14 10 7 17 3 10 17 3 10 6 4 15 2 13 9 8 12 13 11 13 3 8 8 9 2 16 3 8 18 13 16 18 16 3 12 13 6 17 6 13 5 11 4 17 11 15 12 17 7 12 7 19 6 1 13 11 15 5 4 10 13 11 2 7 5 3 18 7 2 1 4 10 10 14 5 4 15 13 11 10 6 5 14 20 12 15 10 5 9 14 9 13 4 16 7 18 15 19 20 16 11 2 16 16 13 4 8 7 2 9 10 8 15 2 19 19 9 9 17 11 5 12 13 9 20 12 4 12 19 8 7 12 16 15 17 1 15 19 18 6 8 2 2 3 18 6 4 10 3 14 12 11 5 8 18 12 20 11 3 8 9 15 12 19 7 16 14 9 18 15 15 7 13 5 7 13 11 17 4 15 2 2 3 11 15 18 8 4 10 10 10 8 3 1 9 13 1 6 20 17 12 19 18 11 2 3 15 14 18 14 10 7 8 17 9 8 9 8 15 6 12 20 3 10 5 6 7 8 13 11 4 15 12 1 12 11 16 9 20 6 16 4 9 16 12 2 16 9 6 5 8 6 7 11 2 19 4 9 18 14 3 13 7 10 16 1 7 18 15 15 7 6 9 10 10 15 17 10 20 7 5 8 13 5 10 9 5 2 3 8 15 12 3 20 2,8 6 1 18 20 14 16 16 6 2 3 6 18 9 1 3 5 2 7 17 2 7 18 15 4 14 12 8 8 4 6 6 5 4 15 2 10 5 7 2 18 3 9 2 12 2 15 4 12 1 9 9 14 10 2 3 11 18 17 15 9 11 18 20 3 19 19 14 1 10 9 19 11 20 4 8 19 8 19 10 7 19 18 5 13 11 17 9 5 15 10 17 16 17 1 10 4 4 17 3 11 15 16 4 17 11 5 15 13 9 4 18 4 9 15 10 6 10 18 13 5 5 6 10 14 19 9 4 2 17 12 7 14 11 6 6 2 4 13 11 15 8 8 11 6 11 1 14 15 5 16 5 7 15 19 3 11 5 12 18 10 6 4 9 3 17 7 8 2 8 8 9 5 13 11 1 11 19 5 10 6 1 4 17 9 5 1 13 19 12 14 19 4 16 17 14 4 20 16 8 5 7 16 13 10 2 17 16 3 15 15 17 3 2 11 3 1 8 17 13 3 15 3 3 6 8 18 3 5 18 16 5 16 10 1 8 4 8 9 11 15 13 15 13 12 9 16 7 5 12 7 18 8 9 11 5 2 6 9 2 13 19 3 14 13 9 17 19 9 5 16 6 4 12 4 16 11 4 3 15 14 18 20 7 19 7 4 16 8 16 11 9 5 10 14 11 1 16 7 20 6 17 8 18 17 11 7 5 11 6 5 1 9 10 3 14 5 9 6 19 19 13 1 15 20 11 5 15 16 4 17 12 15 14 4 11 14 8 14 19 7 16 11 5 13 19 6 12 4 8 19 6 16 9 15 8 11 6 1 2 5 1 7 19 9 5 12 3 15 7 18 10 11 13 13 14 8 7 19 16 5 12 8 12 5 15 10 9 13 4 13 5 1 19 3 17 4 9 13 3 4 10 6 8 20 14 13 12 16 7 11 12 20 10 4 2 2 1 6 4 9 19 3 9 14 20 4 6 4 15 18 10 16 19 10 5 5 15 2 19 12 8 13 20 3 2 10 16 4 20 12 9 16 15 12 6 20 17 1 10 15 18 1 19 9 7 16 14 13 14 8 10 15 3 17 7 2 6 3 13 10 4 5 7 3 9 14 4 14 20 16 9 10 19 20 20 9 8 15 16 7 15 10 1 19 3 13 18 9 6 11 6 9 17 18 15 14 11 20 2 17 14 8 10 12 10 4 5 6 18 4 14 4 18 14 17 9 5 5 17 12 11 12 5 1 11 16 9 1 13 10 4 2 17 8 2 2 18 5 18 9 5 20 15 3 13 17 11 11 17 6 1 2 18 10 4 17 12 14 12 11 2 19 10 15 17 15 11 11 18 12 6 13 10 18 6 10 6 16 19 11 1 3 8 8 10 10 15 17 16 18 9 15 2 20 6 3 6 9 7 16 12 6 11 18 13 10 10 11 2 8 9 7 7 2 16 18 7 7 11 8 3 6 3 16 2 8 9 6 11 1 9 8 11 12 17 16 11 14 6 18 14 13 19 9 15 3 10 3 5 4 14 4 4 3 14 19 1 16 10 12 17 17 6 4 15 6 13 6 20 17 10 13 20 20 16 14 11 13 16 12 2 3 13 13 19 9 10 1 8 13 7 5 15 13 11 7 8 6 11 12 9 3 3 3 15 5 18 18 12 6 9 11 13 16 17 11 11 8 6 16 6 8 8 18 6 11 15 11 5 9 20 16 9 14 8 18 15 15 13 10 10 3 17 4 14 5 6 5 20 12 19 2 5 1 2 10 10 5 6 16 9 3 6 6 14 11 12 18 19 17 15 17 3 2 13 17 20 3 13 3 14 18 7 16 12 12 18 4 5 3 17 20 18 13 11 5 15 9 2 5 16 11 7 11 14 4 18 10 4 10 13 5 2 11 4 8 16 6 11 16 11 11 20 9 19 15 17 6 15 6 14 16 6 2 17 4 17 3 10 16 9 18 2 7 11 9 3 15 13 15 15 11 10 12 4 12 18 10 17 6 14 15 8 20 18 9 4 5 8 15 5 3 10 11 8 5 18 6 20 2 10 19 12 5 9 13 20 1 11 18 12 8 7 11 12 16 14 17 18 5 6 11 18 18 16 4 3 9 1 14 18 3 3 11 15 14 8 10 7 7 13 9 12 8 1 6 13 10 9 13 1 5 8 5 7 12 6 17 20 1 11 16 4 18 20 5 16 5 7 3 16 1 9 14 10 19 8 10 17 19 2 6 12 16 2 11 20 15 16 3 10 11 16 9 11 6 20 15 4 5 11 10 4 2 17 9 2 6 2 9 15 11 1 15 16 16 1 9 20 14 12 5 6 14 11 15 17 16 13 15 1 8 19 12 3 12 10 8 20 20 20 16 2 4 7 9 9 14 20 2 19 2 14 19 15 19 9 8 8 1 18 9 5 4 2 1 7 18 2 11 17 7 10 18 3 6 16 13 8 4 6 6 14 4 2 3 12 16 15 17 15 14 16 17 13 14 14 17 4 16 2 14 14 14 8 6 2 6 10 20 6 5 7 10 2 13 7 11 8 13 12 13 2 14 13 1 15 15 4 12 13 4 12 15 11 8 14 12 17 10 10 14 2 12 20 2 14 7 12 3 19 18 4 11 18 7 7 17 7 13 4 2 2 2 17 2 2 18 2 14 6 7 12 2 15 19 4 9 3 1 2 20 20 16 8 8 12 13 4 5 12 11 13 20 2 11 3 11 16 15 20 10 4 10 18 14 10 9 7 18 20 4 9 7 3 5 16 2 7 6 10 19 18 4 4 4 16 8 16 4 6 16 7 4 12 7 6 18 7 13 6 5 13 20 16 9 6 2 2 3 12 2 10 18 5 20 14 1 16 5 2 17 13 10 16 9 13 4 4 6 15 3 15 13 20 19 3 11 11 12 18 4 13 13 15 2 8 19 4 15 17 18 7 19 11 17 12 9 8 9 5 10 15 9 15 5 2 7 17 6 5 1 5 1 16 16 4 4 9 16 18 1 5 10 8 5 14 1 12 5 18 15 1 3 5 12 4 1 12 12 12 16 7 17 3 8 6 10 2 11 6 12 14 18 3 15 14 6 14 9 3 14 6 9 1 13 4 6 16 3 15 5 10 8 11 4 6 12 16 15 12 18 7 7 10 17 15 2 6 14 13 17 18 10 11 8 20 1 16 10 12 10 13 2 11 13 16 7 18 8 9 5 2 5 12 11 15 15 6 19 19 7 12 5 15 9 5 15 7 19 18 2 10 7 4 12 19 3 8 12 2 12 10 7 3 4 5 18 17 19 14 1 17 10 10 14 4 17 19 14 1 5 4 20 10 14 18 2 19 7 15 17 2 6 4 4 6 2 15 4 15 6 8 16 12 20 16 9 20 2 10 14 5 18 8 7 8 7 15 1 15 20 17 7 9 1 20 2 19 11 3 11 17 13 10 3 1 9 3 6 10 18 13 17 7 3 3 15 2 5 3 15 8 4 9 14 3 12 19 15 5 8 7 6 3 4 6 13 11 1 18 9 17 8 10 3 2 6 2 18 5 10 10 7 1 12 9 18 12 20 6 12 10 12 10 10 1 4 14 3 12 18 2 15 7 2 7 19 13 16 4 20 9 15 14 18 12 6 5 7 12 13 13 7 9 19 13 2 2 20 15 14 13 17 2 6 19 2 18 11 4 9 14 12 1 14 17 11 4 5 12 3 19 20 3 17 19 1 13 11 11 19 10 7 1 8 16 16 15 9 3 14 13 19 8 2 18 10 13 16 17 19 18 15 3 6 4 1 14 2 12 7 16 1 7 11 1 9 6 6 18 4 3 4 9 17 17 5 19 5 10 17 14 10 18 19 14 7 2 4 19 7 5 1 15 13 8 16 4 17 3 5 12 11 3 14 18 10 13 2 6 18 7 5 18 11 18 4 15 4 18 17 4 10 7 18 13 15 8 9 12 11 14 9 4 8 11 6 9 3 4 7 2 13 17 17 4 4 12 5 17 19 17 19 18 8 2 12 15 7 16 14 11 7 11 12 17 18 10 16 9 10 3 10 9 20 11 1 13 1 17 17 17 7 2 16 16 12 19 13 3 14 16 19 4 13 10 8 1 8 4 1 12 16 5 3 7 6 3 12 12 1 16 5 4 9 10 17 2 19 17 15 4 2 14 17 13 7 1 17 5 5 2 15 11 3 7 6 14 17 4 10 15 5 13 15 20 20 9 15 18 9 2 1 1 14 6 18 8 3 8 11 18 16 13 6 7 5 20 12 6 4 9 12 13 17 4 14 3 15 17 11 5 10 8 19 15 2 5 9 15 12 12 10 7 18 3 13 11 13 6 15 8 10 12 3 4 20 2 4 5 10 19 4 12 3 17 9 11 11 10 7 8 1 8 11 16 4 15 17 13 17 12 3 4 14 19 1 2 13 12 15 1 16 10 6 5 13 19 3 10 10 12 2 1 18 10 12 13 14 20 7 13 5 9 20 13 19 6 6 4 20 18 3 8 3 11 12 1 6 6 5 10 13 16 14 7 8 1 16 5 10 8 15 13 18 15 11 14 18 5 1 7 2 14 18 17 7 14 14 5 3 16 2 16 5 9 15 4 12 6 7 14 10 7 5 10 6 11 14 11 14 13 7 14 17 2 18 10 11 1 1 5 14 18 9 4 18 1 19 3 1 1 5 6 8 15 11 5 13 13 10 14 15 12 7 17 11 14 4 16 18 4 8 3 16 6 14 3 3 8 17 8 15 8 16 16 8 12 1 6 4 15 14 1 5 9 11 17 17 14 2 17 1 14 7 17 14 14 10 3 15 3 9 5 5 15 3 5 10 14 10 2 16 11 19 12 19 9 12 10 6 19 19 19 11 9 3 8 10 6 8 6 1 18 14 17 9 8 19 8 5 20 2 11 19 20 15 17 7 5 20 12 20 18 4 12 18 4 17 13 4 18 4 18 12 6 1 10 14 13 6 14 9 2 13 15 14 13 19 6 20 13 9 8 3 19 7 5 19 1 4 20 3 18 13 10 13 14 3 2 5 9 11 14 6 12 6 8 15 12 12 2 3 12 9 13 20 18 3 11 20 18 6 5 4 11 13 7 8 5 1 16 16 6 6 2 14 9 5 12 5 7 4 11 2 9 19 8 9 6 16 8 3 18 9 18 6 2 15 5 16 11 14 11 11 15 3 18 13 11 12 16 4 9 6 5 3 2 8 4 4 6 8 14 10 2 17 15 7 4 8 8 3 13 6 20 4 16 16 13 5 16 13 5 2 11 11 9 2 5 17 2 5 8 5 14 10 17 15 19 19 8 15 8 8 5 11 10 13 6 1 9 16 20 15 4 6 6 8 4 16 9 18 3 15 9 1 4 14 19 13 6 5 19 18 11 18 2 5 2 7 5 3 2 20 14 20 10 10 5 13 8 6 14 19 4 7 14 4 1 4 2 5 12 10 13 6 14 10 10 14 2 3 1 17 3 20 15 2 2 20 9 17 3 15 2 10 7 12 16 1 1 11 7 7 2 17 17 17 14 10 9 6 18 12 19 15 13 9 6 16 9 10 3 5 16 4 9 13 5 6 19 1 16 14 16 16 8 8 6 17 7 18 10 8 16 11 14 19 20 2 11 1 14 6 10 2 5 7 2 18 19 1 10 15 9 9 14 5 10 12 13 15 9 4 14 4 8 6 3 3 5 12 12 10 16 15 18 9 6 2 7 11 1 13 17 8 13 8 10 5 11 19 9 13 9 2 6 17 8 11 19 7 12 18 1 15 12 4 2 4 5 8 20 5 11 11 11 1 4 12 9 18 6 10 15 11 8 16 8 19 19 15 11 5 20 8 10 5 10 1 7 4 5 2 16 13 15 12 6 15 17 9 1 19 18 6 18 10 10 20 2 1 12 3 13 8 16 4 5 18 8 7 2 17 17 5 7 17 2 12 15 7 7 10 5 2 8 17 15 6 3 16 14 4 16 17 5 15 10 16 16 17 1 16 14 19 14 8 12 1 5 5 16 11 6 5 12 8 7 8 3 16 16 1 4 7 11 19 2 10 15 16 15 11 14 3 16 17 19 6 18 14 16 18 18 2 12 1 9 16 12 11 13 17 12 20 10 13 4 14 1 11 12 7 11 14 3 5 12 12 5 8 10 5 10 8 14 15 2 15 20 19 14 10 15 7 14 16 13 18 1 14 18 2 11 2 4 1 20 10 4 13 14 17 14 1 5 2 17 16 8 10 2 6 14 9 9 12 8 17 14 11 16 11 14 10 9 14 4 15 18 17 8 9 18 1 14 11 13 11 1 2 11 10 13 5 13 13 14 10 14 20 4 17 12 15 1 8 12 9 12 6 13 9 10 7 14 8 17 15 13 8 13 18 7 2 6 2 10 1 3 17 1 14 20 12 1 10 15 10 11 14 14 15 1 15 19 6 3 11 1 15 16 11 11 12 13 20 13 6 12 7 6 7 18 19 3 11 9 2 19 5 16 3 15 15 19 13 19 5 15 9 5 7 8 19 10 6 16 17 11 14 15 11 11 15 18 18 1 16 18 6 10 8 14 17 3 10 10 15 3 5 8 10 15 3 20 4 2 2 15 3 18 7 2 8 12 6 16 11 14 13 9 7 17 17 7 6 2 3 12 3 9 5 2 11 5 13 16 4 4 19 16 5 15 5 7 13 20 19 11 5 5 17 9 3 16 9 7 10 18 12 14 18 10 13 15 20 11 4 16 20 2 3 5 11 17 13 2 2 12 7 1 1 20 20 9 13 17 12 3 8 8 14 7 20 11 16 4 14 15 3 3 2 14 15 1 4 10 19 6 17 13 18 11 3 17 1 7 13 15 6 13 15 1 18 10 9 15 11 19 12 9 18 11 6 17 13 3 7 10 17 2 17 5 3 2 3 5 12 19 1 1 3 16 5 4 3 3 16 8 13 6 12 13 8 12 9 18 14 12 1 20 19 18 14 6 9 5 1 20 14 13 9 18 17 18 7 1 8 15 12 13 8 3 16 18 16 9 1 6 11 1 20 15 4 2 19 6 3 11 18 5 7 6 2 14 12 4 14 19 3 3 18 11 7 19 5 11 2 9 17 18 9 7 4 20 18 7 2 2 9 9 1 2 8 6 15 15 1 4 8 3 8 9 14 13 2 19 6 7 9 18 18 5 13 4 8 5 1 5 10 10 20 14 10 13 8 13 15 8 19 11 1 19 13 17 9 8 19 6 12 4 13 4 15 10 3 12 17 20 9 15 1 10 10 1 17 7 3 9 13 1 12 15 12 4 12 19 17 6 3 10 9 4 12 9 7 10 5 13 19 11 7 8 13 1 17 11 15 2 10 7 13 12 2 16 2 11 6 16 2 6 10 9 2 5 20 14 8 18 13 18 20 3 17 10 3 2 1 10 13 7 7 12 11 14 5 6 7 1 6 9 3 19 1 11 20 3 10 2 4 4 1 1 7 12 5 5 7 5 1 14 9 3 18 7 19 16 1 3 16 10 13 8 1 6 8 4 3 3 12 9 16 8 11 15 4 17 9 19 13 18 12 13 8 3 19 15 13 4 13 1 7 6 3 1 7 16 17 17 17 16 11 6 3 20 18 12 12 18 10 19 13 2 18 8 18 3 1 4 11 16 20 17 2 16 15 3 20 3 16 5 9 12 7 2 8 4 11 4 13 8 3 19 4 2 5 9 1 6 8 18 3 18 7 8 16 5 13 5 8 7 12 14 1 12 16 17 8 6 11 16 6 12 13 14 9 20 11 6 8 14 19 13 10 2 14 12 9 7 10 13 16 1 10 13 15 11 7 6 8 7 12 14 17 7 16 4 12 16 17 5 6 4 18 16 6 13 19 5 2 13 1 12 19 15 2 8 14 18 9 19 5 6 15 9 20 16 3 2 12 16 13 11 5 15 17 12 14 20 14 20 15 11 3 18 19 17 16 9 9 18 6 8 13 14 4 5 9 13 19 3 18 3 7 12 8 14 11 16 12 3 9 7 18 19 4 16 5 18 8 19 1 11 15 11 3 6 7 13 5 2 5 17 13 17 6 8 5 5 6 8 16 15 7 16 1 2 10 11 2 6 18 6 15 2 19 16 6 5 17 8 16 14 2 9 4 6 2 16 8 4 6 10 12 8 8 16 7 12 17 8 2 4 11 10 15 9 1 18 4 3 13 2 3 16 15 17 8 15 13 12 11 16 15 16 10 13 12 3 8 7 6 1 11 12 13 10 7 16 18 9 1 4 7 17 20 11 8 15 20 3 11 3 9 11 1 2 16 4 11 19 10 16 9 1 2 14 13 2 13 19 6 1 14 3 11 6 1 9 19 8 17 3 5 17 3 2 17 1 10 4 4 10 16 8 12 17 19 15 18 18 16 2 9 4 8 15 7 5 10 6 19 18 19 16 11 18 17 17 17 17 8 11 18 19 18 11 12 3 7 18 5 2 4 10 5 6 13 18 5 6 8 16 11 11 2 8 7 5 17 12 3 11 12 18 16 15 19 12 9 3 17 8 14 2 11 3 14 15 19 10 11 4 5 14 2 14 6 19 8 2 14 12 12 14 16 3 7 17 13 16 12 20 4 19 16 5 12 9 10 16 1 5 6 12 12 6 11 19 7 20 16 8 3 7 18 8 14 13 1 8 10 3 16 5 1 5 1 19 19 17 17 14 14 8 3 5 9 6 7 1 18 6 10 3 18 7 4 16 8 8 3 15 16 5 12 13 5 17 19 8 2 11 6 14 4 20 7 17 12 3 13 12 8 6 19 11 5 4 13 15 9 6 15 4 4 4 19 14 20 14 8 15 5 7 1 3 4 6 5 14 18 17 5 20 15 20 12 15 12 13 12 5 8 20 18 2 7 4 16 15 17 13 16 13 9 14 20 8 20 12 2 1 20 3 2 3 16 17 16 17 13 20 20 8 2 8 7 16 16 4 18 18 16 11 11 17 15 12 11 4 6 7 12 4 18 13 6 1 4 17 16 12 8 10 18 9 15 16 4 17 13 16 7 4 5 11 12 1 3 1 9 7 12 10 14 13 7 18 11 4 18 11 4 2 6 19 20 9 20 1 9 10 5 6 11 9 11 9 17 15 17 7 18 20 7 18 15 14 19 11 9 10 9 12 8 19 6 12 20 4 17 11 1 4 5 5 4 9 10 17 12 12 1 6 9 18 9 3 7 2 4 3 7 12 8 4 15 1 5 12 14 11 5 15 3 10 20 11 8 9 13 16 19 14 13 8 18 17 18 18 5 8 14 7 2 13 10 5 14 11 14 8 5 14 7 13 15 13 13 2 14 18 4 19 12 15 14 18 7 1 20 12 15 13 20 16 6 13 20 3 19 18 16 3 1 7 2 5 4 2 2 15 19 13 13 15 12 11 5 15 7 9 6 1 6 6 3 16 2 13 20 5 13 3 9 20 14 5 7 7 10 2 13 14 13 6 2 7 3 11 6 12 17 16 7 10 5 14 16 2 14 3 16 9 14 18 14 5 3 17 15 17 7 19 15 2 3 19 18 4 20 2 12 19 10 19 16 12 19 11 11 2 16 10 9 10 5 12 4 7 18 15 15 4 15 17 6 18 11 2 20 3 3 12 7 2 14 18 12 4 7 3 2 12 18 17 20 11 9 12 8 12 17 5 2 6 14 18 19 4 16 8 16 1 3 15 3 17 8 4 16 4 10 18 2 16 2 9 14 16 18 9 7 8 19 16 2 3 2 12 16 16 17 18 5 6 18 18 15 1 3 12 11 17 3 15 2 2 15 13 16 17 8 15 17 5 13 2 15 16 7 7 11 13 12 6 18 3 8 7 2 17 13 13 8 6 10 6 16 17 12 14 14 4 8 1 11 18 3 15 2 16 3 5 13 9 6 3 14 7 3 20 7 17 7 13 4 13 8 3 15 18 20 3 10 1 4 3 5 14 11 12 9 14 10 4 1 5 3 19 10 12 1 20 6 6 4 19 2 7 2 14 10 17 9 5 8 10 15 14 13 4 14 9 14 4 2 10 6 6 13 10 13 11 5 16 9 4 13 2 1 7 4 13 20 5 9 4 14 20 12 20 18 11 3 7 5 7 7 4 6 17 19 17 1 4 17 5 1 14 11 11 5 9 2 7 20 15 11 4 7 18 2 13 6 15 20 15 10 3 11 14 20 10 14 10 20 12 6 4 12 2 7 5 5 13 11 17 6 7 5 15 1 9 16 4 20 2 2 12 17 14 7 15 18 9 1 7 20 17 7 13 7 12 17 11 11 4 20 1 7 9 17 13 10 8 9 19 10 3 7 20 9 15 17 11 8 2 4 11 15 15 14 18 3 9 14 4 19 11 9 8 10 11 17 4 12 15 13 8 20 14 13 13 18 12 15 18 5 6 7 4 9 9 17 4 9 4 3 3 11 14 12 4 4 15 8 11 12 16 1 5 4 14 16 17 10 9 18 3 19 4 11 6 17 2 16 9 1 3 3 7 15 11 16 1 7 11 14 16 20 19 15 9 10 6 14 12 4 6 6 1 16 19 16 3 2 6 14 10 2 10 15 15 9 16 1 12 8 16 19 4 3 16 4 6 16 9 7 14 8 19 19 8 9 11 14 14 2 10 9 13 11 14 16 9 8 9 13 13 1 15 19 2 1 4 19 4 4 1 15 9 2 3 15 10 13 20 18 12 2 1 13 18 19 1 9 10 9 12 10 18 9 18 16 2 7 7 17 8 14 12 12 2 12 14 16 14 12 14 6 8 13 8 16 9 17 15 1 14 19 10 5 5 18 2 1 7 14 14 10 17 10 18 3 15 6 14 17 20 9 18 19 13 8 4 10 8 11 14 19 13 16 6 6 2 19 19 5 14 19 14 3 12 5 19 5 4 10 10 17 6 1 13 15 11 12 10 7 14 5 16 14 14 8 20 19 15 4 5 12 6 9 7 16 15 9 1 18 16 15 18 20 14 18 1 15 18 3 18 20 10 15 3 20 9 17 15 9 13 16 6 16 19 18 14 2 1 11 17 6 11 1 11 6 1 8 19 5 12 4 3 7 18 16 20 11 16 4 13 2 8 11 8 18 14 14 15 2 3 12 7 18 17 2 10 10 14 2 12 16 18 15 7 17 9 7 1 4 3 12 14 8 13 10 9 5 3 5 11 18 10 5 16 8 6 13 9 11 14 14 6 2 8 6 16 5 10 19 19 5 17 6 11 1 13 4 2 16 17 3 6 9 2 1 6 14 6 14 3 9 20 19 11 8 18 16 6 17 12 4 3 5 19 6 18 2 11 18 15 13 12 4 12 14 14 1 8 13 6 18 16 2 8 19 19 4 17 15 18 11 16 15 3 9 4 17 7 11 11 2 4 16 4 12 18 1 11 9 12 8 2 20 4 16 12 18 9 13 6 13 12 5 4 9 12 3 19 10 6 4 18 20 2 3 8 2 13 15 16 14 11 9 14 17 20 3 12 5 1 15 12 6 15 11 14 19 5 13 15 2 1 15 18 16 7 8 13 11 19 7 10 14 16 14 10 13 16 10 15 6 9 19 9 18 17 7 4 10 7 15 16 9 2 8 15 9 7 6 10 4 2 20 16 4 15 18 18 9 3 9 9 3 11 15 15 10 7 1 1 6 12 11 15 17 14 8 9 11 6 14 18 10 2 13 11 12 15 14 18 13 15 11 16 11 4 20 14 7 4 17 15 11 4 7 18 3 12 9 10 1 14 7 13 19 20 7 6 19 7 16 16 9 18 1 13 1 8 18 7 19 18 13 13 1 4 11 13 6 2 7 5 18 3 17 19 7 3 6 19 12 16 13 17 17 6 12 16 7 1 20 1 13 1 13 9 3 2 5 11 19 17 3 11 16 20 1 10 15 5 3 7 2 6 11 19 3 6 4 13 15 17 1 4 12 1 7 4 6 3 13 17 7 6 11 4 6 2 20 7 3 4 19 14 18 12 5 8 12 13 13 4 18 11 3 20 10 18 17 13 16 15 13 6 13 18 8 15 12 5 13 13 6 16 12 18 17 13 7 5 7 5 8 4 9 17 1 4 3 12 3 9 1 3 15 4 1 12 4 16 12 13 13 19 7 13 9 2 3 4 18 19 16 11 16 17 19 6 12 19 1 4 1 19 4 3 5 8 14 6 6 7 14 1 17 17 13 6 2 6 5 5 16 11 11 10 16 7 17 3 5 11 4 17 8 5 9 5 11 17 10 16 2 10 12 16 6 9 9 8 2 1 19 20 2 20 15 9 8 13 20 11 7 6 16 1 4 14 6 1 16 20 19 15 14 3 3 13 12 3 2 12 12 7 2 8 6 5 19 3 9 13 17 10 7 13 9 17 17 9 7 4 20 17 14 19 16 8 17 10 12 13 19 4 9 13 4 18 17 3 18 18 7 7 15 18 19 14 19 7 19 10 3 20 20 3 3 15 13 18 15 7 16 16 12 11 12 17 16 10 2 2 11 11 20 6 10 8 5 1 3 3 16 9 8 13 10 2 13 8 19 2 1 18 19 15 3 20 9 11 9 6 19 11 2 3 9 13 11 14 18 18 15 5 5 17 3 10 20 3 15 3 8 14 17 16 10 14 14 2 8 11 11 10 9 15 7 6 2 2 15 5 3 16 16 9 4 16 11 3 2 16 12 11 12 10 10 17 14 3 10 2 14 3 20 18 10 13 5 15 14 7 15 4 6 2 2 5 17 8 2 5 17 16 9 12 19 1 6 13 18 11 11 6 15 2 3 15 7 15 14 20 18 6 7 11 18 20 16 12 16 3 9 7 12 4 3 7 10 10 7 6 13 12 10 2 8 1 11 19 7 15 2 4 16 14 9 5 2 9 2 16 10 5 4 4 15 8 6 1 12 7 15 9 18 7 19 1 13 14 8 14 11 15 16 6 6 17 2 7 4 7 19 18 17 3 12 19 11 3 16 2 16 1 1 5 17 7 1 14 15 10 6 2 20 12 5 18 13 10 16 4 14 16 3 4 14 6 10 10 20 2 6 2 11 1 8 7 16 15 9 8 13 4 10 18 5 19 14 8 15 7 1 15 16 6 3 3 8 7 3 15 12 19 11 13 9 12 18 6 8 12 10 5 10 13 18 12 12 14 7 14 1 1 8 20 12 6 3 8 13 12 20 9 18 4 11 2 20 4 3 4 12 4 8 4 8 5 5 18 20 18 16 19 6 10 13 4 20 17 19 12 16 7 17 11 14 19 3 11 15 20 3 15 18 12 9 8 13 17 1 20 14 17 19 7 10 15 4 14 16 9 12 14 18 3 2 7 1 9 1 7 1 12 10 17 12 7 5 17 20 17 19 7 10 14 2 17 8 6 7 2 13 18 7 7 15 4 7 4 6 11 19 1 1 16 3 9 19 16 5 16 15 7 1 3 8 14 9 3 20 13 18 3 3 19 6 2 18 7 20 11 9 19 19 16 20 16 10 1 14 12 13 5 6 16 9 12 7 20 16 6 1 3 2 5 6 6 7 15 8 14 10 20 12 1 2 9 4 3 9 5 6 8 10 11 9 7 15 9 3 19 4 16 9 8 12 18 5 4 17 14 10 15 3 8 14 6 16 2 3 12 6 5 18 10 16 7 17 6 12 5 6 19 6 16 18 12 6 3 13 18 5 2 11 6 10 5 2 11 10 15 5 13 16 8 5 13 2 18 8 17 10 17 19 17 1 7 3 1 4 19 6 18 9 9 8 7 5 9 6 14 4 12 17 5 4 16 2 15 9 9 8 18 6 18 11 11 17 3 2 10 19 9 20 3 8 3 17 19 2 13 9 7 17 11 5 20 6 16 12 6 12 5 17 1 7 2 9 16 4 17 1 9 13 20 5 6 17 7 10 18 14 9 13 13 3 3 5 10 8 9 14 15 9 3 19 4 14 5 9 13 12 15 20 4 8 6 13 16 11 20 8 1 11 17 18 15 19 11 12 14 5 4 6 14 5 15 19 12 1 11 8 4 9 17 9 8 5 12 10 16 8 11 14 10 15 9 10 4 7 20 10 8 3 8 8 11 17 4 6 10 12 18 16 5 13 13 17 12 6 9 6 13 19 14 18 3 17 11 10 10 7 8 13 6 13 11 16 19 2 2 8 11 13 14 14 14 15 8 9 19 8 13 19 9 8 6 18 4 19 8 1 11 8 20 7 8 20 9 20 12 1 2 10 15 1 7 2 12 14 16 3 10 9 14 18 14 7 5 12 18 7 7 16 16 8 5 9 8 13 9 7 12 14 14 6 6 5 17 16 5 9 7 8 2 4 4 18 19 10 17 15 1 2 9 4 19 5 20 15 20 18 13 16 16 10 2 9 8 5 3 20 2 6 5 6 1 8 9 3 8 16 12 2 13 10 13 7 16 16 6 1 10 4 7 17 8 18 15 11 18 2 7 1 18 11 16 13 6 2 4 17 4 9 7 7 2 11 7 11 15 11 9 2 9 17 7 2 2 14 20 14 8 13 17 7 5 19 7 4 8 8 9 4 5 11 12 10 14 19 5 6 15 1 1 2 10 18 11 12 7 11 18 17 1 9 2 15 17 1 8 6 13 14 18 10 13 4 18 8 5 3 1 11 9 15 12 11 6 4 20 12 20 14 7 8 4 5 9 8 19 14 2 8 10 13 10 10 13 20 3 3 19 16 13 11 15 2 9 13 9 16 15 11 4 17 2 14 16 16 15 8 3 7 18 1 9 13 9 14 9 15 15 6 3 11 6 10 6 14 11 18 8 18 10 4 5 4 9 3 11 17 20 18 14 3 4 13 11 14 3 10 17 10 12 18 13 12 5 7 9 7 17 16 9 4 7 7 18 18 20 16 15 3 13 14 15 8 14 13 4 1 9 13 10 3 12 10 18 8 9 5 18 20 8 3 17 5 16 13 7 7 8 5 15 17 7 2 7 9 11 4 18 14 18 9 14 13 8 20 16 3 19 19 17 3 17 6 19 8 19 17 17 15 12 8 16 6 13 3 17 3 14 2 19 17 1 1 2 7 2 13 8 11 19 12 11 16 12 3 7 15 18 20 10 5 10 16 12 17 18 17 16 18 4 8 10 10 10 20 9 18 19 8 15 12 6 4 6 18 17 13 16 14 8 9 17 14 13 19 18 3 15 4 20 2 19 11 2 3 12 7 19 17 12 7 6 4 4 8 1 18 16 17 14 17 8 16 17 5 13 1 2 20 13 5 8 4 20 5 6 2 2 5 8 5 9 9 10 2 1 15 5 7 3 17 10 11 10 14 16 13 11 14 11 3 19 14 18 15 2 7 16 6 8 6 15 2 4 10 14 18 14 17 14 9 3 13 7 4 9 5 11 16 12 8 7 10 12 11 8 15 11 10 5 18 3 9 15 12 2 19 19 16 7 11 3 6 6 15 17 1 18 13 8 19 14 15 5 6 13 6 2 12 20 9 11 20 9 5 14 6 1 14 13 11 14 15 10 14 16 8 10 9 18 9 2 4 8 7 14 11 6 6 18 13 10 5 19 6 14 18 18 6 15 2 10 8 2 18 11 9 1 14 16 9 3 9 6 11 10 9 14 15 8 13 3 7 13 10 11 17 2 3 9 18 4 2 3 4 11 20 1 2 2 6 14 11 11 14 15 12 13 20 3 1 12 13 5 13 13 2 13 15 8 15 2 15 8 20 20 13 2 11 12 19 17 16 20 5 16 6 16 6 7 4 18 12 10 11 10 12 19 12 17 8 10 17 16 17 1 19 9 15 11 10 13 2 19 10 20 9 2 11 20 4 12 1 5 14 16 6 4 18 18 18 12 11 15 12 14 8 14 6 10 12 13 1 11 15 6 5 10 10 8 3 10 10 13 11 1 2 20 15 15 13 17 5 20 7 16 3 17 4 5 7 4 11 14 3 2 18 4 12 2 8 18 8 9 4 19 16 4 11 19 12 7 18 15 5 9 6 10 20 7 18 8 16 9 3 9 3 6 12 1 9 19 13 11 12 17 16 11 4 14 15 3 14 10 17 2 5 18 16 12 3 8 20 7 7 19 11 3 18 12 9 11 10 6 12 17 8 18 13 12 15 1 8 3 17 17 7 15 15 4 10 16 10 7 15 14 9 12 17 5 17 6 5 10 16 7 1 5 7 17 10 10 18 19 10 10 13 8 6 13 20 13 15 10 12 13 8 18 19 12 3 12 17 15 10 9 19 19 7 11 1 13 20 17 18 15 8 2 9 10 10 8 3 11 15 4 14 2 12 13 7 10 7 12 18 10 2 20 7 18 1 15 17 18 2 4 5 2 16 7 12 4 18 10 2 9 12 7 18 15 5 8 7 7 4 11 7 1 10 17 11 10 2 14 12 19 1 9 6 7 15 16 3 4 11 8 7 17 1 4 13 7 19 13 19 8 3 3 19 17 12 13 14 5 14 4 19 18 8 15 5 10 7 16,310 384 379 381 371 382 374 371 384 380 389 380 382 380 377 383 353 369 303 244,310 384 379 381 371 382 374 371 384 380 389 380 382 380 377 383 353 369 303 244,123.15100240000174,0.0050948174073721,0.0172045029622203,0.0254466687685633,-0.1256785169738502
ag_news,7600,4,3 4 3 2 3 4 4 4 3 2 4 4 2 4 4 4 4 4 4 1 1 2 2 1 2 1 4 1 1 1 1 3 3 2 1 4 2 4 2 1 4 4 2 2 1 4 2 2 3 3 3 4 1 2 3 3 4 1 3 3 3 2 4 4 3 3 4 2 4 4 1 4 4 3 4 4 2 1 2 1 4 3 4 2 2 1 1 3 2 4 1 4 1 3 1 3 3 4 1 4 1 2 4 2 1 3 3 4 1 2 1 2 1 1 4 1 4 4 2 1 4 3 2 3 2 3 3 2 2 1 2 1 1 4 3 1 3 4 4 4 3 2 2 1 4 2 1 4 4 3 1 1 1 2 1 4 2 2 1 2 1 2 1 1 2 4 4 1 4 1 3 4 1 1 1 4 2 4 1 4 2 4 4 3 3 2 4 4 3 1 2 2 1 1 4 4 2 4 4 3 4 3 2 3 2 2 4 4 1 4 3 1 2 2 3 3 2 2 3 3 2 1 4 3 3 2 2 2 2 1 4 2 2 2 3 4 4 1 3 1 2 1 1 1 3 4 2 2 2 1 2 2 1 2 4 4 4 2 4 2 3 2 3 3 4 2 4 3 3 1 3 2 4 4 1 4 4 1 4 3 3 4 1 3 1 1 2 4 3 1 1 3 1 1 4 4 2 1 4 2 2 4 2 1 2 2 4 4 1 3 1 1 4 4 3 1 3 3 2 3 2 1 4 1 1 1 1 1 4 2 4 3 4 1 4 1 1 1 2 2 3 3 3 3 4 1 3 1 4 2 4 1 2 4 1 3 1 3 1 2 1 3 3 3 3 4 2 4 2 1 3 4 1 2 4 4 2 4 2 2 2 4 4 2 2 3 1 1 3 1 4 3 3 2 2 2 1 2 4 1 2 1 3 1 4 2 2 3 1 4 4 2 4 1 1 1 1 3 2 1 2 2 3 2 4 2 4 4 2 3 2 3 4 4 4 2 3 3 1 1 3 1 3 4 2 3 3 1 4 4 2 1 4 1 3 3 2 4 2 3 2 2 4 2 3 4 2 1 2 3 2 2 1 2 1 1 2 3 2 4 2 2 2 4 2 2 1 3 1 2 2 4 1 2 3 1 3 4 2 1 2 1 1 1 3 1 2 4 2 4 4 4 1 1 2 1 1 2 4 1 1 4 3 1 4 4 1 3 4 1 3 2 4 2 1 2 4 4 3 3 2 3 4 4 2 4 2 1 3 1 3 1 3 3 4 1 1 2 1 3 4 1 3 4 2 1 1 4 1 2 2 2 4 2 3 4 4 4 1 1 3 1 4 1 1 4 1 3 4 2 3 4 3 1 3 4 1 3 2 3 4 4 3 3 2 2 2 2 3 4 3 2 1 1 4 2 4 1 1 2 4 2 4 4 2 1 2 1 4 1 1 3 4 3 4 4 2 3 3 1 3 4 4 3 4 4 3 3 3 4 4 4 3 2 3 3 3 4 4 3 2 3 4 4 3 2 3 1 4 4 3 4 3 2 3 3 2 4 3 3 4 2 4 3 2 2 2 3 4 3 2 4 2 3 1 2 4 4 3 3 3 2 2 3 2 4 2 2 1 4 4 3 4 2 3 4 1 1 4 4 3 1 4 3 1 1 4 2 3 2 3 1 4 3 1 3 3 1 3 1 2 4 3 3 2 4 4 4 3 2 2 2 2 2 4 1 3 1 2 1 4 1 2 2 2 3 2 1 1 1 3 2 2 1 2 2 4 1 1 1 2 4 1 3 1 3 3 4 2 4 3 4 1 3 3 3 3 1 1 3 3 3 4 2 2 4 3 3 2 4 1 3 2 2 1 2 3 1 1 2 2 3 3 1 2 1 1 2 4 2 1 1 3 2 3 1 1 1 4 1 2 3 2 1 3 4 1 1 3 3 4 2 4 4 1 1 3 1 3 1 4 4 3 1 2 3 4 2 1 1 2 3 1 1 1 1 1 2 1 2 4 3 3 3 1 1 1 1 1 2 3 1 1 4 2 3 3 4 1 2 2 3 4 1 3 3 4 4 3 2 3 2 2 2 2 2 2 3 1 2 1 4 2 4 1 1 1 2 1 4 2 2 3 2 4 1 1 2 1 3 2 1 2 3 4 1 4 1 3 1 2 4 1 3 4 1 1 3 3 4 2 3 2 2 2 4 1 2 1 2 2 3 3 4 4 3 4 1 1 4 3 2 3 1 4 4 1 1 2 1 3 3 3 1 4 1 3 1 2 2 2 3 4 3 4 3 3 1 4 2 4 3 2 3 1 2 3 4 3 4 3 4 3 2 4 4 1 2 1 2 4 1 4 2 4 4 2 3 4 3 2 2 3 4 2 4 1 3 1 4 1 3 3 2 1 1 1 4 4 2 4 4 4 2 1 4 3 2 4 3 2 4 4 1 3 2 1 2 1 1 3 4 1 3 4 1 4 1 2 1 3 1 2 1 3 2 1 4 1 2 4 2 2 4 4 2 4 1 1 2 3 2 1 3 1 3 2 3 1 2 1 3 4 4 3 2 2 3 4 2 4 2 2 1 4 4 2 4 1 1 2 1 3 2 3 1 4 1 1 3 2 2 3 1 1 3 3 2 4 4 3 3 3 3 2 3 3 4 4 2 3 2 2 3 1 3 1 2 2 3 3 1 1 3 1 1 1 1 1 1 4 3 4 4 3 3 3 3 2 1 2 2 2 4 2 1 2 1 3 4 3 4 1 4 3 1 2 4 3 4 4 3 1 3 2 4 4 1 4 4 4 1 3 3 3 3 1 3 1 4 4 3 1 1 1 2 1 2 3 2 3 2 2 2 3 3 2 2 2 3 1 4 2 3 4 1 3 1 2 3 3 1 3 2 4 3 3 4 1 3 3 4 2 4 1 2 1 3 3 2 1 4 4 3 2 4 2 2 1 3 4 3 2 4 1 1 1 4 4 4 4 2 3 2 4 1 3 3 3 3 1 2 2 2 3 1 3 2 3 1 4 2 3 4 4 3 4 2 2 2 3 3 1 2 3 3 3 2 1 4 3 1 2 2 1 3 1 4 3 1 2 1 2 4 4 1 2 3 2 3 2 3 3 3 4 2 1 3 4 4 1 1 4 4 3 3 3 1 2 3 1 1 4 1 4 2 2 3 4 2 2 2 4 2 4 1 1 1 4 2 2 4 3 1 1 4 4 2 3 3 2 3 4 3 3 2 4 4 4 3 4 1 3 1 4 2 3 4 4 1 2 1 2 1 1 3 3 3 4 2 2 1 4 3 1 3 4 3 4 1 3 1 3 3 3 1 2 4 2 3 4 3 3 1 3 2 1 2 1 4 2 1 3 3 1 1 3 1 4 4 3 1 4 4 4 2 4 3 4 4 4 1 4 4 2 2 2 2 1 1 1 4 4 3 3 3 4 2 1 3 3 3 3 2 4 3 3 4 3 1 1 3 1 4 1 2 4 3 1 3 4 3 1 2 3 3 4 3 2 2 2 2 2 4 3 2 2 3 4 3 1 4 2 3 2 3 1 4 3 1 1 4 2 4 1 3 1 3 2 1 1 1 4 2 1 3 3 2 3 3 3 2 3 2 1 3 1 2 1 4 4 4 2 4 2 3 2 4 1 3 4 3 1 3 4 4 2 1 1 3 3 1 2 3 1 2 2 3 4 3 2 4 4 4 1 3 1 3 4 3 4 4 1 1 2 3 3 1 3 2 1 1 4 3 2 4 1 4 4 2 2 2 3 3 1 3 4 3 2 1 3 3 3 4 4 4 1 1 2 4 1 1 1 2 3 2 4 4 1 3 4 4 4 3 4 3 2 1 2 2 1 1 3 2 3 4 3 2 2 1 2 1 2 2 2 3 1 4 4 3 3 4 4 3 3 2 3 4 4 1 4 3 4 2 2 4 1 2 3 1 4 4 3 1 1 4 3 1 1 1 4 3 3 3 4 4 3 2 1 3 4 2 4 3 3 4 2 1 3 2 1 4 1 1 4 4 2 4 4 3 2 3 4 3 2 1 2 3 4 4 4 4 1 4 2 3 4 1 3 4 2 4 3 1 3 4 3 4 2 4 2 1 1 3 1 3 3 1 3 3 3 3 3 2 2 3 2 4 1 1 3 4 3 1 3 4 2 3 3 3 3 1 4 3 3 1 2 2 1 2 2 2 1 3 3 1 3 3 3 2 4 4 3 2 2 4 3 4 4 2 3 4 2 2 3 4 2 1 2 4 1 4 1 3 3 2 1 2 1 1 1 3 2 4 1 3 3 4 1 1 1 2 4 2 3 1 1 3 2 2 1 4 4 1 2 4 2 2 3 3 3 2 4 4 3 2 3 3 2 4 1 1 1 1 3 4 1 4 3 2 4 1 3 1 3 2 2 3 2 4 2 2 3 1 2 2 3 2 4 1 2 3 1 3 2 2 2 3 2 4 3 4 4 2 4 1 4 2 3 1 4 1 2 1 1 4 1 2 4 2 2 2 3 2 3 3 3 2 4 1 1 2 4 1 1 2 1 1 1 3 2 3 2 3 3 4 3 1 1 2 2 1 1 2 1 1 4 2 1 4 1 1 1 1 2 2 3 1 3 4 1 4 2 1 2 2 2 4 2 3 3 3 4 3 2 4 1 1 1 3 1 2 2 1 4 4 3 3 4 2 1 1 4 1 2 4 4 1 3 4 1 1 2 1 4 3 1 2 3 3 1 1 2 1 2 1 1 3 3 1 4 4 1 1 1 3 4 1 4 4 4 2 3 1 4 2 1 3 3 3 4 4 1 3 1 4 3 3 4 3 2 2 2 1 3 1 2 1 2 4 1 1 3 4 1 3 2 1 3 4 1 4 4 1 1 2 4 3 4 1 1 3 1 1 3 1 1 2 1 1 2 1 1 3 4 2 1 1 4 1 3 3 3 2 4 2 2 2 4 4 4 3 1 4 1 1 2 2 4 1 3 4 2 4 4 3 3 3 3 2 1 4 2 3 2 1 3 1 1 2 4 1 4 1 4 2 2 2 1 3 1 4 2 4 4 3 4 3 1 2 1 1 3 1 2 2 1 2 4 1 1 1 1 3 2 3 2 3 1 4 2 3 4 4 2 3 4 3 3 2 3 3 2 1 1 3 2 4 4 4 2 2 3 2 3 3 1 1 1 2 2 1 2 4 1 2 1 3 4 4 1 2 4 3 4 3 4 4 1 2 4 1 3 3 4 1 4 2 3 2 4 3 2 2 2 2 3 4 3 1 2 4 3 2 2 4 4 3 2 1 1 1 2 1 2 4 3 1 4 2 1 4 4 4 3 3 2 4 4 2 2 3 4 3 4 1 2 3 1 1 3 3 2 3 3 1 2 3 2 4 1 4 1 3 1 4 2 4 2 1 1 3 4 2 3 3 3 2 4 3 4 1 4 1 2 1 2 1 2 3 4 4 4 3 3 4 3 4 4 4 3 3 3 2 3 1 2 3 3 4 2 3 4 3 4 2 2 2 4 3 2 1 4 3 3 4 4 1 2 3 3 1 2 4 1 2 2 1 3 3 3 3 3 3 3 4 3 3 2 4 3 3 1 2 3 1 4 2 1 4 4 2 3 2 1 1 2 4 4 3 1 4 2 4 4 4 2 4 3 3 2 4 3 1 1 2 3 1 2 2 2 2 1 1 2 2 4 1 1 4 2 3 1 3 2 3 4 1 1 4 2 1 1 2 3 4 4 2 2 3 1 4 1 1 3 3 4 4 4 2 2 2 2 3 1 4 4 1 1 2 4 3 3 4 3 3 2 3 2 2 2 2 2 3 4 2 4 2 4 3 1 4 2 3 2 4 4 3 2 2 1 1 2 2 2 2 4 3 4 3 2 3 2 3 4 4 1 4 2 2 3 1 4 3 3 1 4 3 3 4 3 4 1 2 3 4 3 3 2 2 2 1 1 4 1 1 3 1 3 3 4 4 2 1 2 1 1 4 4 4 3 2 3 4 2 4 3 1 4 2 4 1 2 1 2 3 2 1 4 2 2 4 4 3 3 4 4 3 3 1 3 2 4 3 4 1 4 1 3 3 2 3 1 3 1 1 4 2 4 1 4 4 2 4 4 3 4 3 2 4 3 1 4 2 3 2 2 3 3 2 2 4 4 3 1 2 1 2 1 1 1 2 1 4 2 4 1 1 3 4 3 3 3 3 1 1 3 4 4 2 2 2 1 1 4 2 1 3 4 3 1 1 3 2 2 3 4 2 2 2 2 2 1 3 1 4 1 1 2 2 2 2 4 3 4 1 1 3 4 4 1 4 1 3 4 1 2 2 1 3 2 1 2 1 1 3 3 4 4 1 3 3 2 3 2 3 4 3 3 4 3 2 3 4 3 4 1 4 4 1 3 1 1 4 3 4 4 4 2 3 2 4 2 4 2 1 4 2 1 1 1 4 4 3 4 4 2 4 3 1 1 1 4 3 3 3 3 4 3 4 2 1 2 2 2 4 1 4 1 2 1 4 1 4 3 3 1 2 1 2 3 2 3 4 3 1 3 4 1 4 4 2 4 4 1 3 1 4 2 4 2 3 2 4 3 4 2 2 2 2 2 2 1 4 3 3 1 4 3 4 2 3 2 3 3 2 3 4 4 2 2 2 3 4 3 4 4 1 4 2 3 3 4 4 1 1 4 3 4 4 4 1 2 4 1 3 1 3 2 3 3 3 2 2 3 3 4 3 2 1 2 4 3 4 3 3 4 2 4 1 2 4 3 2 2 2 2 1 1 3 4 2 1 3 3 3 3 2 1 4 2 1 4 1 4 2 2 4 3 4 2 3 4 2 3 2 3 3 4 4 3 4 3 1 4 2 1 2 3 2 2 3 2 2 2 2 2 4 2 2 4 3 1 1 3 2 2 4 2 2 3 1 3 2 3 1 2 3 4 2 2 1 1 2 1 2 3 1 2 4 3 4 4 3 2 1 3 3 4 1 2 3 1 2 3 1 3 3 3 4 3 4 1 2 4 4 2 1 4 4 2 4 4 4 3 3 2 2 2 1 3 2 2 2 2 3 1 1 2 1 4 1 4 3 2 2 4 3 4 1 2 1 1 3 4 1 3 3 2 2 4 1 4 3 1 1 2 4 1 1 1 2 2 1 4 1 1 3 4 3 1 2 4 1 2 3 2 1 3 1 3 1 1 3 3 4 2 4 4 3 1 2 3 1 4 4 3 1 4 3 1 4 2 3 1 1 3 4 2 4 3 2 3 2 1 2 3 1 4 1 2 4 4 2 2 1 4 2 1 1 1 1 2 1 4 4 2 2 3 3 1 2 2 4 1 2 2 2 1 2 2 1 4 1 4 1 3 2 2 2 2 4 3 4 1 4 4 4 3 2 1 4 3 2 2 1 2 2 4 3 1 4 2 2 2 1 1 1 2 4 2 2 4 2 4 1 4 4 1 3 1 1 2 2 3 1 4 1 4 1 3 3 3 3 2 4 1 4 1 1 2 4 1 2 2 1 1 3 4 3 2 3 2 2 2 2 4 4 1 1 1 3 4 2 4 1 4 1 2 2 3 4 3 2 3 2 3 3 1 2 1 2 2 2 3 1 4 3 3 4 1 2 1 1 4 2 2 1 2 2 1 2 4 1 2 3 4 4 3 1 2 2 1 1 2 4 2 4 3 4 2 4 2 2 3 3 3 4 3 1 3 2 1 4 3 3 4 4 1 3 4 1 4 1 4 4 1 3 4 4 2 3 2 4 3 2 3 1 4 1 4 2 4 3 3 4 2 2 1 4 1 1 3 2 4 1 2 2 4 4 1 2 3 1 1 1 3 3 4 3 3 4 4 1 4 1 2 3 4 2 4 2 3 3 1 3 4 2 2 3 3 1 3 2 4 3 2 4 2 4 2 4 1 4 1 2 2 4 2 1 4 1 3 3 3 2 4 1 2 1 2 3 3 2 4 2 1 2 3 1 3 2 3 3 3 2 4 1 3 3 1 2 3 3 3 4 2 1 4 1 4 4 1 4 3 4 3 4 1 1 4 2 2 2 4 3 3 4 2 2 3 4 3 1 3 4 1 1 3 2 2 3 4 4 3 2 3 3 1 4 3 2 2 1 1 2 3 2 3 2 2 2 1 1 2 2 1 4 1 2 2 1 2 2 3 2 3 1 1 1 3 4 4 3 4 2 2 3 2 4 2 4 1 4 4 4 1 4 4 1 4 1 4 3 1 1 4 1 2 1 4 3 3 1 1 4 1 4 3 1 2 4 3 2 2 1 4 4 1 3 1 2 1 2 1 2 4 4 1 4 1 1 3 3 1 3 2 1 4 2 1 3 3 1 2 1 4 4 1 2 4 2 3 3 2 3 3 1 4 1 2 2 4 3 4 3 2 3 2 4 3 2 1 4 4 3 3 3 3 1 4 3 3 3 3 2 2 1 2 4 2 4 3 1 3 1 4 2 2 3 1 2 1 2 1 1 3 4 2 2 1 4 4 4 4 2 3 3 3 3 2 4 1 1 1 3 4 3 3 4 4 3 1 4 4 4 1 2 1 3 2 1 2 3 4 2 1 3 2 4 4 3 4 4 4 1 4 3 4 1 2 4 3 4 4 1 2 3 3 4 3 3 3 2 3 1 2 4 4 1 2 2 4 1 1 2 1 2 4 1 1 2 1 2 2 2 2 1 2 3 2 4 2 4 4 2 4 1 2 1 4 2 4 4 3 4 2 4 1 2 4 3 3 3 4 2 3 2 2 2 3 2 2 2 4 1 2 1 4 1 1 2 1 4 3 4 2 1 1 3 4 1 3 2 3 2 4 3 4 4 1 2 2 4 1 1 2 1 3 3 3 2 4 4 4 1 2 3 1 2 1 1 4 3 2 2 1 3 3 2 4 4 4 1 2 3 4 3 3 1 4 4 1 4 2 2 2 3 2 3 2 4 2 2 3 2 2 1 3 2 1 3 1 2 3 2 3 3 2 3 4 4 3 1 3 1 4 3 3 2 3 4 3 4 3 2 3 4 3 1 1 1 4 1 4 3 4 4 2 3 1 3 2 3 4 1 3 4 1 3 2 4 3 1 1 4 4 1 3 3 2 2 2 2 2 2 3 2 1 2 2 2 4 2 2 4 1 1 4 1 1 4 1 2 3 4 4 4 4 1 4 3 2 4 2 2 3 2 1 2 3 1 1 4 3 4 2 1 2 1 1 3 1 1 2 4 2 1 2 4 2 2 4 2 2 3 3 4 4 3 3 4 4 2 1 2 2 2 2 2 1 1 2 3 3 2 2 2 3 1 2 2 4 1 1 1 1 3 3 1 4 4 3 3 3 1 2 3 4 1 4 2 1 4 2 4 1 3 2 1 4 2 1 4 3 1 3 3 4 2 3 1 2 3 3 3 3 3 3 2 1 1 2 4 4 1 3 1 3 3 2 2 2 1 2 4 1 4 3 4 1 3 2 2 2 1 1 4 4 2 4 1 3 4 2 3 3 2 3 4 3 2 1 4 3 3 2 3 4 2 1 2 1 3 2 1 3 4 2 3 2 1 1 3 4 2 2 1 3 2 2 2 1 3 3 4 3 1 1 2 2 1 3 4 4 1 4 3 2 4 2 1 2 4 1 2 4 4 3 2 1 2 3 3 1 1 2 4 2 4 1 4 2 3 1 2 1 2 3 3 3 1 3 2 2 2 1 1 4 3 1 1 4 2 4 4 4 3 4 4 4 4 1 2 2 1 3 1 3 1 3 1 1 3 3 4 2 1 1 2 3 2 3 3 4 4 2 4 2 2 4 1 1 1 3 1 4 3 4 3 2 4 3 4 4 1 3 3 3 1 2 1 3 4 3 3 3 1 4 4 3 2 1 4 2 2 1 4 4 1 1 2 4 3 4 1 2 1 1 2 1 4 4 4 4 1 4 2 1 2 3 3 4 2 1 4 4 1 4 1 1 3 1 1 2 4 4 3 4 2 1 1 3 3 2 3 3 3 4 1 2 4 2 2 3 4 3 3 1 1 3 1 3 1 2 3 1 3 2 1 3 3 1 4 4 4 1 4 3 2 3 3 3 2 4 1 2 4 4 2 2 3 1 3 3 1 2 3 4 4 1 1 1 4 2 3 2 2 2 1 3 4 3 2 4 2 3 1 4 3 4 1 1 2 4 1 3 1 3 3 3 3 4 3 3 3 4 1 3 2 2 3 1 3 1 1 1 3 4 1 3 3 1 4 2 3 3 2 2 3 3 1 1 1 4 1 4 2 1 4 4 1 2 2 3 3 4 1 1 2 3 1 2 2 1 3 4 2 4 4 3 2 2 2 1 4 2 1 3 3 3 1 4 3 4 2 4 1 1 1 3 4 4 4 4 2 1 4 3 2 3 3 3 1 1 3 2 3 1 2 3 1 1 3 1 4 1 4 4 1 2 1 2 3 1 2 1 2 3 2 3 2 3 3 1 1 2 2 4 1 1 1 2 4 1 2 4 2 4 1 3 1 3 4 1 2 3 2 1 1 1 4 2 1 4 4 1 2 2 4 4 4 3 4 3 4 1 4 1 1 2 2 2 2 3 4 4 1 4 2 2 1 3 2 3 4 1 3 4 3 4 1 3 4 2 3 1 1 2 3 2 4 4 2 4 4 4 1 4 2 2 4 4 3 1 3 1 4 1 3 1 1 1 4 4 3 3 4 2 3 3 1 2 1 1 3 3 2 2 1 2 2 2 2 1 1 3 3 2 2 3 1 4 4 3 2 3 2 4 3 4 4 1 2 2 4 1 2 3 2 2 4 1 3 3 3 3 1 1 2 2 1 1 2 2 1 3 1 2 3 2 4 4 1 1 2 4 2 1 1 4 1 1 1 1 3 1 4 2 2 3 2 3 3 4 1 2 3 4 2 1 3 3 2 1 1 4 1 3 1 4 1 2 4 4 4 3 1 3 2 1 4 1 4 3 1 1 3 3 3 4 1 2 3 1 1 4 4 1 2 4 2 4 2 4 2 2 3 1 4 2 1 3 4 2 3 1 1 3 1 2 2 3 2 1 4 3 2 1 2 2 3 2 2 1 1 4 3 3 4 1 2 1 1 4 4 3 1 1 1 1 4 4 1 1 3 1 3 1 2 4 3 3 1 4 4 1 3 4 1 2 3 1 3 3 2 3 4 2 2 1 4 4 1 1 4 1 1 4 4 1 1 1 3 2 2 2 3 1 1 2 2 4 2 1 3 4 2 3 4 3 2 4 3 4 1 1 2 2 4 1 3 4 4 3 4 2 3 1 1 3 3 3 1 3 3 1 2 3 2 2 3 1 2 2 3 4 3 1 2 1 4 1 4 1 1 1 2 3 1 3 1 1 3 2 3 4 4 2 2 3 4 3 3 3 3 1 2 1 2 3 4 2 1 2 1 2 3 4 4 3 3 2 1 1 2 1 1 1 1 3 1 3 3 2 2 3 1 1 1 4 4 1 4 3 2 2 2 3 1 3 4 4 4 4 4 2 3 1 4 4 1 4 4 2 2 2 3 1 3 3 3 1 1 4 4 2 4 2 4 3 4 4 3 4 1 3 3 2 2 1 2 4 3 4 1 3 2 3 4 1 4 2 3 2 3 4 4 3 1 3 4 3 2 4 3 4 2 3 1 3 4 4 3 3 3 2 2 3 2 2 3 1 4 1 1 2 3 3 1 2 4 4 4 2 2 4 2 1 4 3 2 3 2 1 1 1 2 1 1 1 1 4 2 4 4 3 2 2 4 2 1 3 4 3 2 1 4 1 2 2 1 4 2 2 2 1 4 4 1 1 4 3 1 4 1 1 1 2 1 1 3 1 1 3 1 1 1 4 1 4 2 1 3 1 2 2 1 3 1 4 2 2 1 1 3 2 3 4 4 4 2 4 2 1 2 4 2 1 3 2 3 4 1 3 4 1 1 3 2 2 2 4 1 3 3 1 2 4 3 4 1 4 4 2 4 1 4 2 4 1 3 3 4 2 1 3 1 4 3 1 3 3 4 4 1 2 2 3 2 3 3 3 4 4 1 1 4 3 2 4 1 3 3 2 4 3 3 1 1 1 4 4 3 4 3 2 4 3 2 2 4 1 1 3 4 2 4 3 3 4 2 4 1 3 2 4 3 1 3 3 3 2 1 4 2 2 3 2 4 1 1 3 1 4 2 3 4 3 1 3 1 3 4 4 1 1 1 1 3 1 3 1 1 1 2 3 2 1 1 3 3 4 3 4 4 2 3 2 3 1 3 1 2 2 3 1 4 2 1 2 2 3 3 2 4 3 4 1 3 1 2 4 2 3 3 4 4 3 1 4 1 3 4 1 4 1 3 1 1 4 1 2 4 2 1 4 2 3 2 4 4 2 4 1 2 1 1 4 2 3 1 4 1 4 3 2 4 4 4 1 4 2 1 3 4 3 4 2 4 2 4 2 1 1 4 3 3 1 3 1 3 1 1 2 3 1 3 3 1 1 3 3 2 3 1 1 2 1 3 4 4 2 1 1 2 2 1 2 2 2 4 2 3 1 1 1 1 2 3 3 4 3 3 2 3 4 2 1 3 4 1 1 3 2 4 3 1 2 1 3 4 4 1 3 1 4 4 4 1 3 4 3 4 1 1 2 3 3 1 3 1 2 1 4 4 3 3 2 3 2 3 1 3 3 4 1 2 2 3 2 4 1 3 4 4 3 2 1 3 1 4 2 1 3 3 1 3 3 2 3 2 4 1 4 3 4 1 3 1 4 4 4 4 1 1 3 4 3 2 4 2 4 3 4 3 4 4 3 3 4 1 2 1 1 3 2 1 3 3 2 1 2 2 1 2 2 3 4 2 3 2 3 2 2 3 2 2 3 3 3 4 3 2 1 2 2 1 1 4 3 2 1 4 4 1 2 4 4 1 3 3 1 1 1 4 3 4 1 4 1 4 4 3 4 4 1 4 1 4 4 3 2 4 2 1 3 1 2 1 2 3 3 1 3 3 4 1 2 2 2 4 1 3 4 4 4 2 1 4 2 3 2 2 2 4 2 4 2 1 4 1 3 1 2 1 3 1 2 3 1 2 2 1 4 2 1 3 1 2 3 4 3 2 1 2 2 2 4 2 4 1 3 2 2 3 4 3 3 1 2 1 2 3 4 4 1 1 4 4 2 4 1 1 3 4 3 1 4 1 1 3 4 4 4 3 2 4 1 4 2 1 4 1 4 2 3 3 4 1 2 1 2 3 4 3 2 3 2 1 4 3 3 2 2 1 1 3 1 2 4 4 2 4 1 3 4 2 3 3 4 4 1 4 1 3 4 1 1 1 4 1 1 4 1 4 1 4 1 2 1 2 4 2 3 2 4 1 4 3 4 1 4 3 1 3 4 3 3 3 4 4 4 4 4 4 3 3 3 4 1 2 2 4 4 4 3 3 4 4 3 1 4 1 2 4 4 3 3 4 4 2 1 2 2 3 4 2 4 2 3 3 1 4 2 3 4 4 3 1 4 3 3 3 4 3 2 4 2 3 2 4 3 3 2 3 1 2 1 2 4 1 1 2 3 2 1 2 3 4 3 1 3 1 2 4 1 3 3 3 1 4 4 1 3 4 3 4 4 3 1 4 3 3 2 1 1 4 2 2 4 4 3 4 3 3 4 2 1 3 4 4 1 4 4 2 2 3 1 3 3 3 3 3 3 1 3 4 4 1 4 4 2 1 3 4 2 3 2 4 4 2 2 3 2 3 1 1 3 2 2 1 2 4 4 2 1 4 1 3 3 3 4 3 4 4 2 2 4 3 1 2 1 4 4 4 1 3 2 1 3 4 1 4 1 2 1 2 4 1 4 1 3 2 2 4 2 1 2 2 4 2 1 1 1 4 1 3 4 3 4 4 4 4 4 2 2 1 3 3 2 4 2 1 1 2 3 4 2 4 2 4 3 3 1 3 3 4 3 1 2 4 2 2 1 2 3 3 3 2 2 1 2 4 1 1 3 4 2 3 4 1 3 3 4 3 4 1 2 3 2 1 3 1 3 2 3 1 4 3 4 4 2 4 3 1 1 2 1 4 4 1 4 3 3 1 1 1 4 1 1 4 2 2 4 4 4 1 3 3 1 1 3 1 1 2 1 2 3 2 2 2 1 4 4 3 1 2 1 2 2 3 4 2 4 4 4 4 2 4 1 4 3 2 1 2 3 4 4 2 1 3 3 4 4 1 4 3 4 3 1 4 2 1 3 3 4 3 3 3 1 4 3 1 3 3 3 4 2 1 1 3 4 3 1 3 3 1 2 2 1 1 1 4 3 3 2 1 4 2 4 1 4 3 2 3 2 3 1 2 2 2 2 2 3 3 2 2 2 1 2 3 3 3 3 3 1 4 4 4 1 3 1 4 1 2 2 2 4 2 4 4 3 2 3 3 4 2 1 4 2 3 4 2 2 4 1 4 4 3 4 1 3 2 1 1 4 3 4 2 4 4 1 1 2 1 1 2 3 3 3 1 1 1 3 1 1 4 3 4 1 2 2 4 3 3 2 2 2 3 1 1 3 2 1 4 3 3 1 4 2 2 4 2 3 3 3 2 4 4 1 3 2 2 1 3 1 4 2 4 1 1 2 2 1 3 1 2 2 4 1 1 2 3 2 2 3 3 4 3 2 1 2 2 1 1 4 3 2 4 4 1 2 4 4 4 3 3 4 3 3 1 4 4 1 1 4 1 1 3 1 3 1 1 1 3 3 3 2 2 4 3 3 2 2 4 1 4 1 2 4 1 1 3 4 4 2 1 4 1 1 2 4 4 4 4 1 4 4 1 1 2 2 4 4 2 4 1 2 3 2 3 1 2 1 2 2 2 4 1 1 3 3 4 2 4 1 3 2 4 4 4 4 3 4 2 4 2 1 1 1 3 1 4 1 3 3 2 4 4 3 3 1 2 3 2 2 1 2 1 4 4 2 3 4 2 2 1 3 4 2 1 4 1 3 4 3 4 3 3 2 3 3 4 1 4 4 1 1 4 4 4 2 3 2 1 2 1 2 2 3 2 3 4 2 4 1 4 2 4 4 2 4 1 4 4 3 3 1 1 2 2 4 4 2 4 4 1 1 2 2 3 4 4 4 4 4 3 2 3 4 1 1 2 1 3 1 4 3 2 3 3 3 4 4 3 4 4 2 2 3 4 4 3 4 4 1 2 1 4 3 3 4 1 2 4 3 4 3 1 2 1 3 3 4 1 4 4 1 4 3 2 2 2 3 3 1 3 4 1 3 4 4 4 4 3 2 2 3 3 2 3 1 2 2 2 3 2 2 4 3 3 4 1 3 4 2 3 4 4 4 4 2 2 4 3 3 2 4 1 4 4 2 1 2 3 3 4 4 3 2 4 3 4 1 3 2 2 2 2 4 2 1 3 2 3 1 2 1 3 2 4 2 1 2 4 2 2 3 1 2 1 1 2 1 3 2 1 4 4 4 2 4 2 1 2 2 3 1 1 2 3 4 4 1 2 2 4 3 3 2 3 1 4 1 1 3 1 3 4 4 2 3 2 1 2 1 1 1 2 1 2 1 2 3 2 1 3 3 2 4 1 1 2 3 2 1 1 2 2 3 4 2 4 4 1 4 3 4 3 4 4 1 4 1 2 2 1 3 1 2 4 4 2 4 4 1 1 3 1 3 1 4 2 1 3 1 1 4 1 3 3 1 4 4 3 1 2 1 2 3 4 3 1 1 3 2 2 3 1 3 2 4 4 4 4 3 2 3 2 2 4 2 3 2 3 4 4 1 2 2 2 2 2 4 1 1 3 1 4 2 4 2 2 3 4 2 4 2 4 4 3 1 3 1 2 2 3 4 3 3 1 4 1 1 4 4 4 3 2 3 4 3 4 1 1 1 3 4 3 4 3 2 2 3 3 1 4 1 2 4 1 4 1 2 4 2 3 3 4 4 1 2 4 1 3 4 2 3 3 3 4 3 2 1 3 3 3 1 2 2 4 2 2 1 1 1 2 1 4 1 4 4 4 1 3 2 3 3 2 3 1 1 3 2 2 1 3 2 2 2 4 4 4 4 4 3 3 1 1 2 1 3 2 1 1 2 1 4 3 2 3 3 1 1 1 4 2 1 4 2 3 2 3 2 3 2 2 1 1 2 2 1 2 3 2 4 2 4 1 2 3 4 4 2 1 4 1 4 3 2 1 4 3 3 3 1 3 3 2 1 2 3 1 2 4 1 2 3 2 4 4 2 2 3 2 2 1 3 4 1 1 1 2 3 3 4 1 2 2 1 4 3 3 3 3 4 3 2 3 3 1 1 2 3 3 1 2 2 2 2 4 1 1 1 4 4 2 2 3 4 2 1 1 1 1 1 2 4 2 4 2 2 1 2 1 2 1 4 1 4 4 4 2 3 4 4 3 4 3 1 3 1 1 3 1 4 2 2 4 3 4 4 4 1 3 2 3 2 3 3 2 3 3 1 3 1 2 1 3 3 2 2 1 3 3 4 2 4 1 2 2 4 3 4 2 1 3 3 4 1 3 4 1 2 1 4 2 1 1 4 1 3 3 1 3 1 3 3 4 2 2 2 1 2 4 3 4 4 2 1 3 2 3 4 3 3 2 1 3 1 1 3 2 2 3 4 1 2 2 2 1 1 1 1 2 4 4 2 1 1 2 4 3 1 2 2 1 2 4 1 1 3 4 2 1 2 2 2 1 2 3 2 3 2 4 3 3 2 1 1 4 4 4 3 4 4 4 2 2 4 4 1 4 3 4 3 4 3 2 3 4 4 3 3 4 1 4 3 2 4 4 3 2 1 2 2 3 3 3 4 4 2 4 1 3 3 1 2 3 2 4 2 4 3 4 1 2 1 3 4 2 3 1 2 3 4 2 2 1 4 2 1 4 1 4 4 2 3 2 4 3 1 4 2 3 2 2 4 3 4 2 2 4 2 4 1 4 2 1 3 4 1 4 3 3 1 1 4 1 3 4 3 1 1 3 1 2 3 2 3 2 1 1 1 2 2 4 2 4 1 1 1 4 2 4 2 4 2 3 3 2 3 4 3 2 2 3 3 4 1 2 4 2 3 3 2 1 3 3 1 4 1 1 3 1 4 1 1 4 1 2 1 2 4 1 4 3 1 1 1 2 2 2 1 4 1 2 4 1,3 4 4 4 4 4 4 4 4 4 4 4 4 4 4 4 4 4 4 4 4 4 4 4 4 4 2 2 2 2 2 2 1 1 1 1 1 1 1 1 2 3 1 4 2 2 1 4 1 2 1 2 1 4 3 4 1 1 3 3 2 2 2 4 1 4 1 1 2 1 4 4 4 1 4 2 1 2 1 1 1 2 3 3 1 1 3 1 1 4 1 3 4 3 2 2 2 3 1 3 2 3 4 3 1 2 1 2 1 4 3 4 4 4 4 2 4 4 3 2 1 2 4 1 4 3 2 2 2 1 1 1 2 1 2 2 1 2 2 1 2 1 2 1 1 1 2 3 2 2 2 1 2 1 1 1 3 2 2 1 2 3 4 1 1 3 3 3 2 1 4 4 3 4 1 1 4 2 4 2 3 2 2 4 3 1 4 1 2 4 4 1 1 1 3 3 1 2 3 2 4 4 4 1 2 2 2 4 2 4 2 1 2 2 2 4 3 3 4 2 2 1 3 2 3 3 1 2 3 1 2 2 3 4 3 2 3 2 1 3 4 2 2 4 3 3 4 4 4 1 3 1 2 3 3 4 3 4 4 4 2 1 4 4 4 4 2 4 2 2 2 1 3 4 2 4 4 2 3 4 3 2 2 4 2 1 1 3 3 2 2 4 4 4 2 1 1 4 2 3 2 3 3 3 3 2 4 4 2 3 3 2 4 3 3 1 1 3 2 3 3 1 2 4 2 4 1 1 4 3 4 2 1 1 2 1 3 3 2 2 4 2 1 2 2 4 4 2 1 3 2 1 1 2 1 1 2 3 2 2 2 1 3 1 1 4 2 3 1 1 2 1 1 2 2 4 2 2 3 1 2 2 4 2 3 2 2 2 1 1 1 2 1 1 1 2 2 4 2 3 4 2 1 1 1 3 3 3 3 2 3 2 1 1 1 2 2 3 3 1 1 2 3 4 4 1 3 3 4 4 1 2 2 3 3 4 3 3 4 4 3 4 1 3 1 4 4 4 3 3 1 1 3 4 4 2 3 4 2 3 2 2 4 2 1 4 3 3 4 2 1 4 1 3 2 4 2 4 1 3 4 3 3 4 3 3 2 3 3 2 2 4 2 3 3 2 3 1 2 4 4 2 2 1 1 1 1 4 3 4 4 1 4 1 1 2 1 3 4 2 3 1 3 1 1 1 4 1 1 1 2 4 4 4 3 3 4 4 2 4 2 1 1 4 2 4 3 2 4 3 1 1 1 2 4 4 4 4 4 4 4 1 3 4 2 1 1 4 4 2 4 3 4 4 1 3 2 4 4 1 2 4 3 2 1 3 4 4 4 3 1 3 4 1 4 1 4 4 3 1 3 3 4 3 2 1 1 4 2 2 2 1 1 1 1 3 4 1 1 3 3 3 4 4 4 1 1 4 3 2 4 2 4 4 3 4 4 2 2 1 3 4 4 3 2 4 1 1 2 3 1 3 1 1 4 1 3 4 4 4 4 4 2 3 4 2 2 3 4 1 2 4 1 3 2 2 1 1 1 2 4 1 1 1 1 3 2 3 3 1 2 2 2 2 1 1 2 1 2 1 3 2 4 1 2 2 4 3 4 4 3 3 3 2 2 4 4 2 2 1 1 1 4 3 1 1 2 1 3 3 3 4 4 3 3 2 3 1 4 2 2 4 1 4 3 3 3 1 4 2 1 3 2 2 1 4 1 1 4 2 3 4 3 4 1 2 2 2 1 2 3 2 1 2 2 1 4 2 4 2 1 1 2 4 2 1 1 2 3 4 1 4 1 2 4 1 3 1 2 1 2 2 1 1 3 4 3 2 1 2 1 4 4 1 2 1 3 2 1 1 1 2 2 2 3 2 1 2 1 1 1 1 1 1 2 3 3 2 1 4 2 1 2 2 1 4 1 1 1 2 4 2 1 2 2 2 2 2 2 4 1 3 2 2 3 3 4 3 1 1 2 2 2 2 2 2 3 3 2 1 4 3 1 3 2 2 2 3 2 3 3 2 3 1 1 3 1 1 1 3 3 2 3 1 4 2 3 3 1 3 4 3 4 2 3 1 3 2 1 1 4 4 3 3 1 1 1 4 4 2 1 3 3 4 4 2 3 1 1 2 2 4 1 2 4 2 4 2 1 2 3 4 2 3 4 3 4 4 1 2 4 1 1 3 3 3 2 1 4 4 3 4 1 1 2 2 4 4 1 4 3 4 4 2 2 4 1 1 4 4 2 3 1 1 4 2 2 2 4 1 3 3 4 1 4 4 3 2 2 4 3 4 3 4 4 4 2 1 3 4 2 1 4 3 4 3 4 4 1 3 3 4 4 1 2 4 3 4 4 1 2 1 4 4 3 4 4 1 2 1 3 3 1 1 2 2 2 4 1 4 2 1 3 3 1 1 4 4 3 2 4 4 4 4 4 4 4 3 4 4 1 2 2 3 3 4 4 4 4 4 1 1 1 3 3 1 1 3 4 3 1 3 2 3 4 1 4 4 4 1 3 3 2 2 2 3 3 1 4 4 2 1 3 3 3 4 3 4 2 2 1 3 4 2 1 2 1 2 2 1 4 2 1 3 2 2 1 2 1 1 1 3 2 2 4 3 1 2 2 2 3 2 4 3 3 3 3 4 1 2 2 2 2 1 2 2 2 3 3 2 1 2 4 4 2 1 1 4 3 1 4 1 2 2 2 1 1 3 2 1 1 2 2 2 3 1 2 1 2 3 3 4 2 1 3 1 2 2 2 3 1 3 1 3 1 1 4 1 2 3 4 4 2 3 4 3 4 4 2 1 3 3 4 3 2 1 2 2 3 2 2 1 3 3 3 1 1 4 3 2 2 2 4 1 1 4 1 2 4 4 3 2 1 3 3 3 2 3 1 3 4 2 2 2 2 4 3 2 2 3 1 3 4 3 4 3 3 4 1 1 1 4 2 1 2 3 1 4 1 2 3 3 3 1 4 4 1 2 3 3 2 3 2 4 3 4 4 2 2 1 3 4 4 4 3 3 3 3 1 1 2 3 2 4 3 4 4 3 2 4 4 2 1 2 4 3 2 3 3 3 4 3 2 4 4 1 3 3 4 3 4 2 3 1 3 4 2 4 4 1 3 2 2 4 2 1 1 3 3 2 4 4 4 2 1 3 3 2 3 1 2 4 1 1 2 2 2 2 2 3 3 3 4 4 2 3 3 2 2 3 3 1 2 1 1 4 4 4 4 4 3 3 3 4 4 2 1 4 3 4 2 3 1 4 4 1 4 4 1 4 3 3 4 1 2 1 3 4 2 1 4 1 4 1 1 2 1 2 2 3 2 4 1 2 4 1 3 1 2 1 3 3 3 3 2 4 4 2 2 2 1 1 1 2 1 3 2 4 4 4 3 4 2 4 1 1 1 4 4 4 4 3 4 4 3 2 4 1 2 1 4 1 2 1 3 1 4 3 1 1 3 3 1 1 4 1 2 1 1 3 2 4 4 1 1 1 1 2 3 1 4 2 3 2 2 2 3 2 2 1 2 3 1 2 2 2 2 1 1 2 2 2 1 4 2 3 1 2 1 4 1 1 1 2 3 2 1 1 2 1 3 3 2 1 2 1 2 3 1 1 4 2 3 3 2 1 4 3 1 4 4 3 3 3 2 3 1 1 4 4 4 4 3 1 2 4 4 2 3 4 4 3 4 4 4 3 1 1 3 4 4 4 4 2 1 3 2 4 1 1 2 2 3 4 3 4 2 3 1 4 4 3 3 2 1 3 4 4 3 4 3 1 1 3 2 1 4 2 3 2 1 3 2 4 2 1 4 3 4 4 4 1 3 3 3 4 4 1 2 3 1 2 4 4 4 3 2 2 3 4 4 4 2 3 3 2 1 4 3 3 3 4 2 1 4 4 3 2 4 1 3 2 2 2 2 3 2 2 2 1 2 2 1 4 1 1 3 1 3 2 4 1 3 2 4 1 1 3 2 2 1 2 4 3 1 2 3 2 1 3 3 3 1 4 4 3 2 2 1 1 1 4 2 3 4 2 2 2 3 2 3 1 3 2 2 4 3 4 2 3 1 2 4 2 3 2 4 2 1 2 2 4 2 1 4 2 1 1 1 3 4 2 1 3 2 3 3 1 1 2 2 4 2 4 1 1 1 2 3 1 2 1 3 1 1 3 1 3 1 2 1 4 1 3 4 4 1 1 2 3 1 3 3 4 4 3 1 1 4 1 3 2 1 4 4 3 2 1 4 2 1 4 2 4 4 4 1 1 4 4 4 1 3 4 1 4 3 3 4 4 3 4 2 1 1 4 2 3 2 1 2 4 1 3 4 2 4 2 4 4 3 3 4 4 3 1 3 3 3 3 2 2 2 1 1 4 1 4 4 1 4 4 2 1 2 2 1 2 2 3 2 1 2 4 4 4 4 2 3 3 2 3 3 2 4 1 1 4 4 2 2 1 3 4 3 1 1 1 4 1 1 1 2 4 4 2 4 1 4 3 4 3 2 3 1 3 4 3 1 2 2 2 2 2 1 3 4 4 2 4 3 1 1 1 1 1 1 3 2 2 1 1 1 2 1 4 2 1 1 1 1 2 2 3 4 3 2 1 3 2 2 4 1 1 2 2 3 1 2 3 2 2 2 1 1 1 1 1 2 1 1 4 3 1 2 1 2 3 3 2 4 1 2 1 1 2 1 2 2 2 3 4 4 1 3 4 3 1 1 4 2 3 1 4 4 4 2 2 3 2 4 4 4 4 4 1 4 4 1 2 2 3 4 4 2 4 3 3 1 2 3 3 4 3 3 1 4 3 4 4 4 4 2 4 1 1 2 1 4 4 1 4 4 4 2 4 2 2 3 4 1 4 3 2 1 2 3 3 1 1 2 1 4 3 1 4 4 1 3 3 4 2 1 1 1 3 4 4 4 4 4 4 3 1 1 4 3 1 3 3 3 4 2 4 4 1 4 4 3 4 4 2 4 1 3 1 3 3 4 4 4 4 3 3 3 1 2 4 1 1 2 2 4 4 1 4 1 3 1 2 2 1 3 3 3 2 1 1 3 2 2 1 1 2 2 4 1 1 4 1 2 4 4 3 1 4 4 3 3 3 3 2 4 3 2 2 4 2 2 4 4 1 4 1 4 3 1 2 3 3 1 3 4 4 1 4 4 4 1 4 1 4 4 4 4 2 3 2 3 3 1 2 2 1 2 2 1 3 3 1 3 3 3 3 3 2 4 3 3 3 2 3 3 4 1 1 2 2 2 2 2 3 3 3 2 4 4 2 3 1 1 2 3 3 3 4 2 1 4 1 4 3 3 4 3 4 3 2 4 3 1 1 2 3 4 1 1 3 1 1 1 2 1 3 4 2 3 3 1 4 4 4 4 2 4 3 1 4 2 2 2 3 1 2 3 3 3 4 1 1 1 3 2 2 2 3 1 3 4 2 1 2 4 3 4 4 2 4 1 4 3 3 4 4 3 3 1 3 4 1 3 3 4 2 4 4 4 4 4 3 3 4 2 1 3 3 4 4 3 1 3 3 4 2 2 2 2 4 3 2 1 1 3 1 2 2 3 2 1 3 3 2 2 2 3 2 1 2 2 3 2 3 1 4 2 2 1 1 3 3 2 1 2 2 2 2 2 3 1 2 3 3 2 2 1 2 1 1 4 2 2 2 1 1 1 2 2 2 2 1 4 4 4 2 1 1 2 1 1 2 2 1 2 4 4 3 2 2 2 1 1 3 4 3 2 3 3 1 1 1 3 2 2 1 1 4 4 2 1 1 2 1 2 1 1 3 3 1 2 2 2 4 1 3 3 4 4 4 1 2 3 3 4 4 2 4 4 1 3 4 3 1 3 1 3 1 3 3 4 3 3 4 1 1 1 4 2 1 4 3 3 4 4 1 3 2 4 3 4 4 3 4 2 2 1 4 2 3 3 2 2 2 1 4 2 4 3 1 3 2 2 2 2 3 2 2 1 1 3 3 4 2 3 1 3 4 1 1 3 3 4 2 3 1 3 2 3 3 1 4 1 3 3 4 4 3 4 4 4 3 3 4 4 1 3 1 1 3 3 2 2 2 4 4 4 1 3 3 4 3 3 3 1 3 1 2 3 4 4 4 4 1 4 2 3 2 2 2 3 4 1 1 4 2 3 1 3 4 2 3 1 3 4 2 1 3 2 2 1 2 1 3 4 1 2 3 3 2 4 3 3 2 3 4 4 3 4 3 1 3 4 1 3 4 4 3 4 4 3 1 4 3 3 4 2 3 4 2 4 4 4 1 2 3 2 4 3 4 4 3 4 3 4 2 2 3 4 4 2 4 4 4 1 2 4 4 4 4 1 2 4 4 4 4 1 3 3 1 4 1 2 2 1 3 1 2 2 3 3 2 1 4 2 4 1 3 3 2 1 1 1 3 4 3 4 2 1 1 4 4 4 3 3 1 4 1 4 3 2 2 1 4 4 2 4 1 3 3 4 3 2 2 2 3 2 3 2 4 3 4 2 1 4 1 1 4 4 2 2 2 2 2 2 2 4 2 2 3 2 3 2 1 4 1 2 2 1 2 2 3 4 1 1 4 3 4 2 2 4 4 1 1 3 3 2 1 4 2 4 4 4 4 3 2 2 3 4 3 3 3 3 4 2 2 1 3 4 1 4 4 2 2 3 4 2 4 1 3 4 1 2 2 4 2 1 4 1 3 1 4 3 3 2 1 3 3 1 1 3 4 2 3 4 1 1 3 3 3 3 1 1 2 2 1 2 2 1 1 2 1 2 3 2 3 4 3 1 2 3 2 3 3 4 1 3 2 3 3 2 1 3 1 2 3 2 3 2 4 2 2 2 2 2 1 4 3 2 2 4 1 1 1 1 2 1 3 2 2 1 2 2 3 3 2 1 3 4 4 1 4 4 1 1 1 1 2 2 3 4 3 3 2 2 4 2 1 3 3 3 2 4 1 1 3 3 1 3 4 2 4 4 4 2 1 2 2 3 4 3 4 4 3 1 4 3 3 1 4 1 4 4 1 3 1 4 3 4 2 1 3 4 3 1 1 1 4 2 4 3 4 3 2 1 1 3 3 4 4 1 4 4 4 2 1 3 4 4 1 2 2 2 1 1 1 2 4 3 1 3 4 2 1 4 1 1 2 2 1 4 1 3 3 1 2 1 4 1 3 3 2 4 1 3 3 3 4 1 1 3 3 3 1 3 3 1 1 1 4 4 4 2 3 3 3 4 1 1 3 2 3 1 1 3 3 3 3 2 4 3 1 3 4 4 4 1 4 1 4 1 4 2 2 2 1 2 2 2 2 2 1 3 4 3 3 2 1 3 1 1 1 1 4 3 1 1 1 4 4 3 2 3 2 4 4 3 4 3 3 1 3 3 2 3 2 3 2 3 3 4 1 4 4 4 2 1 4 1 4 3 4 4 4 4 4 3 1 4 1 1 3 1 1 2 1 3 4 1 3 2 2 4 1 1 4 1 1 1 2 2 3 2 3 2 3 3 3 2 3 1 3 3 2 3 1 3 3 2 2 2 3 2 3 4 4 1 1 1 2 2 2 3 3 2 1 3 4 4 2 1 2 2 2 2 3 4 2 2 1 4 2 4 4 2 2 4 4 2 1 1 3 3 3 4 4 1 2 3 2 1 1 3 2 4 1 4 4 3 4 1 1 1 4 4 3 4 4 3 1 1 3 3 3 4 2 4 3 2 4 3 3 4 4 3 3 2 2 4 3 1 4 3 1 3 4 1 4 1 3 4 1 3 4 2 4 1 3 1 3 3 4 1 1 1 1 1 3 4 2 3 4 4 1 2 2 2 3 3 4 2 3 4 3 4 1 1 4 4 1 4 1 1 1 3 1 1 1 4 4 3 2 2 1 3 1 1 3 4 4 2 2 1 4 4 1 1 1 4 2 3 1 1 1 4 1 2 1 1 1 1 2 2 2 2 2 1 2 1 2 1 2 2 1 4 1 2 4 1 4 3 2 1 2 3 2 2 1 1 1 3 1 2 2 1 3 3 1 3 2 1 2 2 1 2 1 4 1 3 4 2 1 1 3 1 3 4 3 3 3 2 1 3 1 3 3 2 2 2 1 4 3 1 3 3 3 1 3 2 2 1 2 3 2 4 2 1 4 1 3 1 1 4 1 4 1 4 1 3 3 2 1 2 2 1 4 3 1 2 1 3 1 2 3 3 1 3 3 2 1 1 2 3 2 4 4 1 4 2 2 1 1 1 4 4 3 1 4 3 1 3 4 1 1 1 3 4 1 2 4 4 1 4 3 3 1 3 4 4 2 1 4 3 4 3 1 3 1 1 4 1 4 4 4 3 2 3 2 1 1 1 3 3 3 4 4 2 1 4 1 4 2 1 3 3 3 4 4 3 4 1 2 3 2 4 3 3 2 4 1 3 3 4 4 4 2 2 1 2 1 4 4 2 4 3 1 2 2 1 1 2 1 3 3 3 1 3 1 1 4 1 4 4 1 1 3 3 3 4 1 2 3 3 2 2 2 1 4 4 4 3 3 4 2 1 1 1 1 1 4 4 3 1 2 2 4 2 3 3 3 2 1 4 4 4 2 3 1 2 3 2 2 1 4 3 3 1 4 4 3 4 3 2 1 3 3 4 2 3 4 4 3 4 2 1 1 4 4 2 2 1 2 2 2 3 1 1 1 4 4 2 4 1 2 2 4 3 1 1 3 2 2 1 3 3 1 3 2 3 3 3 4 3 2 4 1 1 3 1 1 1 4 3 2 1 4 2 2 1 4 4 3 3 4 2 1 2 4 2 1 2 1 1 2 3 1 1 2 1 3 2 1 1 1 1 4 1 1 1 2 1 2 1 2 4 2 2 1 2 2 1 1 1 1 2 2 3 2 2 2 2 2 3 2 2 1 2 4 2 2 1 3 4 2 2 4 4 2 1 1 1 2 1 2 2 2 4 2 2 1 3 4 3 1 2 2 3 3 3 3 2 1 1 1 2 4 4 4 4 4 3 4 3 4 1 4 4 2 2 2 4 1 3 1 3 3 4 4 3 1 3 4 1 2 4 3 3 1 4 4 2 2 3 4 3 4 3 3 3 1 1 1 4 2 1 3 2 3 3 2 1 1 2 2 2 2 1 3 2 4 4 3 2 4 3 1 2 3 3 4 4 3 3 2 1 3 2 3 2 1 1 4 4 2 4 4 3 4 1 1 3 3 1 4 4 4 4 4 4 1 1 3 4 2 2 3 2 1 3 4 3 2 4 3 1 4 1 4 1 4 1 3 3 4 2 2 4 4 3 1 1 3 4 4 4 3 2 2 2 1 3 2 3 4 3 3 1 2 3 1 3 1 4 2 2 1 2 4 1 1 4 3 4 3 4 4 1 1 1 3 3 4 3 3 1 4 3 3 3 2 3 1 2 1 3 4 4 2 1 4 1 2 2 3 1 1 4 3 4 4 1 3 2 3 2 2 4 4 2 1 3 2 4 4 2 4 2 3 2 2 1 1 3 1 1 2 3 2 3 1 4 3 2 3 4 3 2 4 4 1 3 1 4 4 4 3 1 3 3 2 2 2 2 3 3 1 4 4 1 1 4 3 1 1 4 3 3 3 3 4 4 4 2 1 1 3 4 2 4 4 4 3 4 2 4 2 2 3 2 4 4 2 2 2 1 2 3 4 1 3 3 3 1 1 3 3 4 1 2 3 2 1 2 2 1 1 3 4 4 1 3 3 3 3 4 1 2 1 4 3 4 4 4 2 4 4 4 1 3 3 2 2 2 1 4 2 1 3 1 3 1 1 3 2 4 2 1 2 4 2 2 3 2 4 2 1 3 2 3 1 1 3 1 2 2 3 2 3 3 2 2 4 2 1 1 2 1 1 1 2 1 2 1 4 4 3 2 1 1 2 3 1 3 2 3 2 3 4 1 2 1 1 3 1 3 1 2 2 1 2 3 1 2 2 3 3 1 1 1 1 2 1 2 2 1 1 2 1 1 2 2 2 1 2 2 2 2 3 3 3 2 1 3 4 4 2 1 2 2 1 3 2 2 4 1 1 2 1 1 2 2 1 2 2 1 1 4 2 1 4 1 1 4 1 3 3 3 2 2 3 3 3 4 1 4 4 1 1 3 3 4 4 3 4 2 4 4 1 3 1 4 4 2 3 4 4 3 2 4 4 3 2 3 2 1 2 4 4 2 3 3 1 1 3 2 3 2 4 2 4 1 2 1 3 2 3 1 2 3 2 1 2 2 1 3 2 1 1 4 4 1 1 4 4 3 4 3 4 3 4 1 4 3 1 3 1 4 3 3 1 3 4 1 3 3 2 1 1 4 1 1 3 3 2 4 2 4 4 2 3 4 1 1 3 3 4 4 2 4 4 1 3 4 2 1 3 4 4 2 1 4 4 4 3 1 3 2 2 1 4 3 2 1 1 4 4 1 2 2 3 2 3 2 2 2 3 2 3 2 1 3 1 2 4 1 4 1 3 2 1 4 2 1 1 3 3 1 4 1 1 2 2 2 3 4 4 1 4 1 3 1 1 3 4 1 3 4 1 4 1 4 1 3 3 4 1 3 3 3 3 3 3 2 3 1 2 4 2 2 1 2 1 1 4 2 3 4 2 4 2 1 1 2 1 1 3 4 1 1 3 1 3 1 4 3 2 2 2 1 3 2 2 2 2 2 2 1 3 1 4 4 3 4 4 4 2 4 2 3 2 1 4 3 3 1 3 4 2 3 1 3 3 4 1 4 4 1 3 3 4 3 3 2 4 2 3 1 4 4 2 4 4 2 2 3 3 4 2 2 4 1 4 1 4 4 4 3 3 4 1 3 1 1 4 1 4 1 2 4 3 2 2 3 1 1 1 1 4 1 2 4 2 1 1 3 2 3 2 4 2 3 4 2 4 3 2 1 3 3 3 1 3 3 1 2 1 4 2 1 4 2 3 4 2 1 4 2 4 3 4 1 1 4 1 3 1 3 3 4 4 2 4 4 1 4 1 1 2 2 4 2 2 1 1 2 4 2 4 1 2 4 2 1 4 2 1 2 2 2 1 4 2 1 2 3 2 4 2 3 2 3 1 1 2 2 2 2 4 3 4 1 2 2 4 1 1 1 2 1 2 4 3 2 3 4 2 3 2 4 1 2 1 3 3 4 3 4 1 2 4 1 4 3 2 3 2 2 3 2 4 4 3 4 3 3 3 2 4 3 1 2 3 2 1 3 2 2 3 3 2 4 3 3 3 1 4 3 2 3 3 4 3 1 3 1 2 3 2 2 1 2 3 3 3 2 4 3 2 4 3 1 2 1 1 1 4 1 2 2 2 3 3 3 2 2 4 2 3 2 2 3 2 2 3 3 1 3 3 4 2 4 1 3 1 1 4 3 4 2 3 4 2 3 3 2 4 3 1 4 2 2 3 4 2 3 3 3 4 2 3 1 1 3 2 4 2 3 3 3 3 1 2 4 4 1 3 3 2 1 3 4 1 3 4 3 4 4 2 1 2 2 2 4 4 3 4 2 3 3 1 3 3 2 4 1 3 4 4 1 3 1 3 2 1 1 4 1 1 3 4 1 3 4 4 4 3 4 4 4 3 4 4 4 4 1 3 4 4 3 4 4 3 1 4 4 3 4 1 1 2 3 4 3 4 3 1 1 3 4 4 2 1 4 4 3 3 1 3 3 4 2 4 4 4 4 2 1 4 4 4 1 4 4 1 4 1 2 2 4 3 2 3 2 1 2 1 3 2 1 1 1 2 2 2 2 2 2 2 3 3 2 1 2 1 3 3 3 3 2 1 2 2 1 1 3 4 2 1 1 1 4 2 2 2 2 1 3 1 1 1 2 1 1 1 3 2 1 1 1 1 3 3 4 2 2 1 4 4 3 2 2 2 3 1 1 3 1 4 1 3 2 2 3 3 3 3 2 3 1 1 4 2 2 1 3 4 2 3 1 4 4 3 3 3 3 3 1 4 4 4 3 3 1 4 4 3 3 3 3 4 4 2 1 3 4 4 4 4 4 2 4 4 4 4 2 3 2 3 3 1 4 4 4 4 4 3 3 4 3 4 2 1 3 4 2 3 4 2 1 4 1 1 1 4 2 3 3 3 3 4 2 1 3 3 4 4 3 3 4 2 1 1 3 3 4 1 1 4 4 4 4 2 4 4 3 4 4 4 3 4 4 3 2 2 4 3 3 3 2 2 4 4 4 4 1 3 4 1 4 4 3 3 1 4 4 3 2 2 3 4 4 1 2 3 3 3 4 4 4 2 4 4 1 1 4 2 1 1 4 3 3 2 3 1 4 4 1 4 2 4 2 2 3 4 4 1 4 3 4 2 4 4 3 1 3 2 3 3 3 4 2 3 4 3 4 3 2 4 4 1 1 3 2 2 3 3 2 3 2 1 3 2 1 3 3 2 3 3 3 2 4 2 1 4 4 1 4 4 1 1 3 3 1 1 2 3 3 4 4 1 3 2 3 4 3 4 1 3 2 4 2 1 3 3 3 2 1 4 4 2 3 1 1 4 2 1 3 4 4 2 4 3 2 1 3 2 1 4 1 4 1 2 2 2 2 3 3 1 2 2 1 1 3 4 3 2 1 2 3 4 1 1 3 3 3 3 2 1 1 1 4 2 3 3 3 4 4 4 2 1 1 4 1 4 1 1 1 1 4 1 3 4 4 3 4 3 2 4 4 4 3 4 1 2 1 1 4 3 2 1 3 4 3 1 1 2 1 2 1 1 2 1 3 4 4 2 2 1 2 3 2 4 1 2 4 2 2 2 3 4 2 2 2 2 1 2 3 2 2 2 3 2 2 4 1 4 4 1 4 4 2 1 3 4 2 2 2 1 2 4 4 2 1 3 2 1 4 2 2 2 3 2 1 1 2 2 2 1 1 1 4 4 2 2 1 2 2 1 1 4 2 3 4 2 1 4 2 2 4 4 4 3 1 3 4 1 1 2 1 4 3 2 3 3 4 4 4 3 3 4 3 4 3 2 4 3 2 2 3 4 4 4 1 3 4 3 4 3 3 3 1 4 1 2 4 4 2 3 1 4 4 2 2 3 4 4 4 1 1 1 2 1 4 2 2 2 3 1 1 3 1 1 4 2 1 3 3 1 4 2 1 4 2 2 1 1 1 4 4 1 3 4 3 4 2 1 3 3 3 3 2 3 3 2 3 3 2 4 4 4 4 4 3 3 4 4 4 1 3 4 4 2 4 4 3 4 4 3 4 3 4 3 1 3 2 1 1 4 4 2 1 1 4 2 2 3 1 1 1 2 1 1 4 1 1 3 1 4 4 1 2 4 3 3 4 4 2 2 4 3 2 1 1 4 4 1 2 3 1 4 4 3 1 3 1 3 4 3 4 1 1 1 4 4 3 3 3 1 3 3 1 1 3 1 3 3 4 1 3 4 2 2 3 1 3 1 2 3 1 2 1 2 4 1 3 2 4 1 2 2 4 3 2 3 1 1 1 2 2 2 3 3 2 1 1 4 1 1 3 3 4 1 2 1 1 1 3 3 3 2 3 2 3 3 1 4 2 3 3 2 4 4 3 4 1 3 4 3 4 4 4 2 4 3 3 3 3 3 4 3 3 2 4 4 1 2 4 4 4 3 4 2 2 1 3 3 1 1 1 1 1 3 3 3 2 3 3 4 2 2 1 4 2 1 4 4 3 1 3 3 4 3 3 4 3 2 3 1 2 2 4 3 4 4 4 3 3 4 4 2 4 1 2 3 2 1 4 4 3 4 1 1 3 3 2 3 3 3 2 1 1 3 4 2 4 3 1 4 3 3 2 1 1 2 3 1 3 4 4 2 2 4 1 3 4 1 1 2 1 3 3 4 4 4 3 1 4 1 2 2 2 1 1 2 2 2 4 2 2 2 1 1 1 3 2 2 2 3 1 4 4 3 2 2 2 3 2 1 1 1 2 2 3 3 2 3 2 3 2 2 2 1 2 1 3 3 2 2 3 1 2 2 4 2 1 3 1 1 1 3 3 2 1 1 1 1 2 1 3 2 1 4 4 1 3 2 3 2 3 2 1 3 3 4 2 1 3 3 2 2 1 1 4 3 3 3 3 3 4 4 3 3 4 1 1 1 1 1 3 2 3 4 4 4 4 1 2 3 1 3 4 4 2 3 3 3 4 4 3 2 4 2 4 1 4 3 3 3 1 4 4 2 3 3 1 3 4 2 3 4 2 4 3 2 2 2 2 1 4 2 1 4 3 4 4 4 4 4 1 4 4 2 4 1 4 4 1 4 2 1 2 2 2 2 1 2 1 3 3 1 1 1 2 1 3 1 4 3 4 3 3 3 4 4 1 1 3 4 2 3 2 3 2 1 3 3 3 4 2 2 4 3 4 4 4 3 2 2 2 1 3 3 3 3 3 1 1 3 1 2 4 4 2 4 1 4 1 2 2 3 3 2 4 1 2 1 2 2 3 2 2 2 4 2 1 1 1 3 1 1 1 2 1 2 2 2 2 2 2 3 2 1 1 2 1 2 1 3 4 3 3 3 4 1 3 1 2 3 4 1 1 1 4 1 2 4 3 2 1 3 3 2 3 3 3 4 3 1 4 1 1 3 2 2 2 1 4 3 3 3 2 1 1 1 2 1 3 4 2 1 1 1 2 3 4 3 2 2 4 1 2 2 4 1 2 3 4 2 4 2 3 1 3 3 1 4 1 2 1 1 1 2 2 3 2 1 3 2 1 2 2 2 2 4 3 2 2 3 2 2 2 4 3 2 3 1 1 1 2 2 2 1 2 1 4 2 3 3 1 4 4 1 4 3 4 4 1 3 3 4 4 2 2 4 3 2 3 4 1 2 1 1 1 4 3 3 2 3 3 1 1 4 2 3 3 3 4 1 3 1 3 4 2 2 1 2 4 3 2 1 2 2 4 2 3 4 4 1 2 4 1 1 2 3 2 3 2 1 1 2 2 3 3 2 1 1 3 3 3 3 1 3 1 3 4 1 3 2 3 4 4 4 1 4 2 4 2 4 4 2 1 4 2 3 1 3 2 3 3 1 2 1 4 3 4 4 3 2 2 3 1 4 3 2 1 3 2 4 4 2 2 1 3 3 2 3 3 3 2 1 1 1 1 4 3 2 1 3 4 3 4 2 1 3 3 3 4 1 1 4 1 4 4 3 2 4 3 3 3 2 3 3 4 4 2 1 1 2 2 3 1 3 2 2 3 1 1 1 2 2 3 2 4 3 4 4 2 4 1 4 4 4 4 4 4 4 4 4 1 3 4 2 1 1 4 4 4 2 1 1 3 4 4 4 4 4 3 4 2 4 2 3 3 3 1 3 1 1 3 3 2 2 4 4 2 1 1 1 3 4 4 4 3 2 1 4 3 4 1 3 1 3 4 4 2 4 1 2 3 3 4 3 2 4 1 1 4 4 3 1 4 1 4 4 4 4 4 3 3 3 3 3 3 1 1 3 1 1 1 2 2 2 3 2 3 2 4 4 4 3 3 2 4 2 2 4 2 2 2 3 3 1 1 2 2 2 2 1 1 3 2 2 2 1 2 3 1 1 1 2 4 1 3 2 1 4 4 3 3 2 4 2 4 4 4 1 1 2 3 3 2 1 3 3 2 2 2 3 4 2 2 1 2 3 2 2 3 1 4 3 3 2 3 2 1 4 2 1 1 3 1 1 3 4 1 4 3 2 4 4 4 3 1 3 1 2 1 1 3 1 4 3 3 4 4 1 3 4 1 2 2 2 3 3 3 1 4 1 3 1 2 3 1 4 4 3 2 2 3 3 1 4 4 3 4 4 4 3 2 2 3 2 2 2 2 3 4 4 2 1 1 2 3 1 1 4 1 1 3 4 3 1 3 4 1 3 1 4 4 1 4 3 4 1 3 3 4 3 3 2 4 4 3 3 4 1 4 4 3 3 1 4 4 3 4 1 2 1 2 4 4 2 3 1 2 1 3 3 1 1 2 1 3 3 3 4 4 2 1 1 2 4 2 1 4 4 2 2 4 4 3 1 3 1 4 3 3 2 3 2 3 3 1 4 4 2 3 3 3 3 1 3 4 3 4 2 3 4 4 2 2 4 3 3 1 1 3 3 4 1 2 4 1 2 2 2 1 1 3 4 4 2 2 2 2 2 4 2 2 4 3 1 2 2 2 1 2 2 2 1 2 2 1 1 1 3 2 2 1 4 1 1 1 3 2 2 2 2 2 1 2 3 2 2 2 2 4 1 2 1 1 2 1 2 4 1 3 4 4 4 1 3 3 2 2 2 3 4 3 3 2 1 1 2 2 3 1 1 1 3 3 1 3 4 2 3 2 2 3 1 1 1 3 3 3 2 1 1 4 4 1 3 3 3 1 1 2 4 1 1 3 3 4 2 4 3 1 3 3 1 4 2 4 4 4 4 4 4 2 1 2 2 1 2 3 2 1 1 3 2 2 2 3 4 1 4 3 1 4 4 2 1 3 3 4 3 4 4 4 4 2 3 2 4 1 1 1 2 2 2 3 4 1 3 4 4 4 4 2 1 3 3 3 1 4 3 3 4 1 3 4 3 4 1 2 2 1 2 4 2 4 3 2 3 2 1 2 2 1 1 4 2 4 3 1 1 1 4 4 2 1 3 3 1 4 2 4 1 3 3 4 2 2 2 1 2 2 1 3 3 4 4 1 3 4 4 2 2 1 2 4 1 3 4 2 2 3 3 4 1 1 4 4 4 4 3 2 3 4 4 4 1 3 4 3 2 2 3 4 4 2 4 3 3 2 2 2 2 1 4 3 4 4 3 2 1 3 2 3 2 3 3 3 3 3 4 2 3 4 2 1 1 1 4 3 3 3 3 4 1 3 4 3 1 4 1 1 2 1 1 4 2 3 4 1 1 2 4 2 2 3 2 1 4 3 4 4 1 3 4 4 4 2 3 1 3 4 1 2 3 3 1 1 3 1 4 4 3 1 2 4 1 4 4 4 3 3 2 1 4 2 1 3 2 2 1 1 3 1 3 1 1 1 4 4 3 1 1 4 3 3 3 2 2 1 3 3 3 3 3 3 4 1 3 2 2 3 4 4 4 1 4 1 2 2 4 4 2 2 2 1 3 2 3 4 2 2 1 2 4 4 2 2 1 1 2 1 1 2 2 3 3,1900 1900 1900 1900,1900 1900 1900 1900,70.62538889999996,0.0067687329240203,0.0074640212930442,0.0078881797004166,-0.0621921071580127
reuters_r10,7948,10,1 6 2 1 1 2 1 2 2 2 1 2 10 2 3 2 2 1 2 3 2 1 2 9 3 4 2 2 1 1 2 2 1 1 8 6 4 1 1 1 6 2 1 1 1 1 2 1 1 5 1 2 1 1 1 4 1 1 1 1 5 2 5 1 1 1 1 8 6 6 2 1 2 2 2 1 1 6 2 2 10 7 2 2 1 1 1 2 1 1 2 1 5 8 4 4 1 1 1 1 2 5 1 1 8 1 1 1 1 2 2 1 2 6 4 2 6 1 2 1 1 6 1 1 1 5 2 1 1 1 2 1 2 1 1 2 1 1 8 1 1 1 4 2 1 4 2 3 1 2 1 2 1 1 2 1 1 1 1 1 10 1 5 2 1 5 7 9 2 1 1 2 4 1 1 1 1 1 1 2 6 1 1 1 1 2 1 1 1 1 1 2 1 1 2 2 7 2 2 1 1 2 1 1 1 4 1 1 1 2 1 1 2 1 1 3 1 2 3 7 1 9 1 2 1 1 2 2 2 2 2 2 2 2 3 2 2 2 1 2 2 4 1 8 2 5 1 1 1 1 1 8 2 5 2 1 1 2 1 1 5 1 1 2 1 2 1 6 1 1 1 1 4 5 6 9 2 4 7 2 1 2 9 1 1 9 2 1 4 2 1 1 2 9 8 2 2 9 1 1 1 1 1 5 2 2 2 1 1 2 3 1 9 1 2 1 4 1 2 1 2 6 1 1 1 2 2 1 4 5 1 1 1 5 1 1 1 2 1 1 1 2 2 1 2 1 1 1 1 1 1 1 2 1 1 1 1 1 2 2 2 1 2 1 1 1 2 1 6 1 1 4 1 1 1 2 5 2 1 2 1 5 1 1 1 1 1 1 1 2 1 1 7 2 2 1 6 1 2 2 1 1 1 1 2 2 2 1 2 1 2 1 1 1 2 2 2 1 1 1 5 2 1 4 3 2 5 2 2 3 1 2 1 2 4 2 4 1 1 1 1 1 2 5 2 3 6 2 1 1 3 5 2 1 2 1 1 1 1 2 1 1 6 2 7 1 9 1 3 6 1 6 9 2 1 5 4 1 1 4 2 1 6 2 1 8 2 6 1 1 3 1 1 1 6 2 2 2 2 2 1 2 7 3 1 1 1 8 2 1 1 1 1 3 2 2 1 1 1 2 2 6 1 2 2 2 2 1 2 2 1 1 1 1 2 8 1 1 1 1 1 9 1 2 1 9 1 1 1 2 2 7 7 1 1 2 1 8 10 1 6 2 1 1 2 2 1 2 1 8 3 2 1 1 1 1 1 1 1 1 1 1 1 1 1 1 1 1 1 7 1 1 1 1 1 1 1 1 2 2 9 1 6 1 1 1 1 3 1 1 1 3 1 1 1 9 5 1 2 1 1 1 2 1 4 4 1 1 1 5 1 5 1 2 1 2 2 1 2 1 1 2 1 2 5 2 2 2 2 2 2 2 1 1 2 1 1 2 2 2 2 1 2 1 1 1 2 2 2 1 1 1 2 1 6 2 1 2 3 1 1 4 1 1 2 1 2 2 1 2 1 2 2 1 1 1 2 1 2 2 1 2 3 1 1 3 2 1 5 1 1 1 1 4 2 1 1 2 1 2 5 1 1 1 1 5 3 2 2 2 2 1 1 1 1 4 1 2 1 1 2 1 1 1 6 2 2 1 1 1 4 1 2 2 2 4 1 2 1 5 2 5 1 5 1 1 2 1 3 1 1 1 2 1 2 9 2 3 8 9 2 6 7 2 1 1 1 1 5 1 1 1 1 1 1 1 1 1 1 1 1 1 1 1 1 1 1 1 1 1 1 1 1 1 1 1 1 1 2 1 1 1 1 1 1 1 2 2 2 1 1 1 2 2 2 2 2 1 1 1 1 1 2 6 5 2 1 1 1 1 2 4 2 2 2 4 1 1 1 4 1 1 1 1 1 1 4 6 2 3 2 4 2 8 6 3 10 2 2 2 8 1 2 1 9 1 2 1 1 2 1 2 1 1 2 2 1 7 2 6 2 2 2 1 1 1 1 1 2 1 1 1 2 1 1 2 1 1 1 1 10 2 2 2 1 2 2 1 1 1 1 5 5 2 1 1 1 1 2 2 1 6 1 1 6 8 1 7 2 1 4 1 1 1 1 2 2 1 2 2 1 1 2 1 1 2 3 6 3 2 4 1 3 1 5 8 1 2 2 1 2 7 1 1 2 2 2 1 1 2 2 1 1 3 1 3 1 1 1 1 1 1 8 4 2 2 1 5 1 2 8 1 1 4 2 2 2 2 1 8 2 1 5 2 2 10 3 6 2 1 2 5 2 4 1 5 8 3 1 10 3 1 2 1 2 2 4 1 2 1 1 1 5 1 1 1 2 7 1 2 1 1 2 3 2 1 2 2 6 5 1 1 1 1 4 1 1 4 1 5 1 2 2 2 1 6 1 8 3 3 1 3 1 5 1 3 1 1 2 1 2 1 1 1 6 1 1 2 1 2 2 7 5 3 9 2 2 1 1 1 2 2 1 3 1 1 2 2 2 1 1 1 2 7 1 4 5 2 1 2 2 1 1 3 1 3 2 1 5 1 2 2 2 1 6 2 4 2 1 2 2 6 1 2 2 5 3 1 2 4 1 2 3 4 2 4 4 3 2 1 1 6 4 1 1 1 2 1 1 2 1 2 1 1 1 1 1 2 2 1 1 2 2 4 2 2 1 5 2 2 5 2 8 1 1 1 2 1 2 2 1 1 1 1 1 6 2 1 5 8 2 5 2 2 7 3 1 9 5 2 10 2 2 7 4 2 1 2 1 1 1 1 5 2 7 2 3 2 1 2 7 1 1 1 2 2 2 5 4 2 1 8 2 2 1 1 2 2 2 2 2 2 1 1 2 1 2 4 1 1 2 4 2 9 2 2 2 7 4 2 8 6 4 2 8 9 1 1 2 2 1 2 2 2 2 1 1 1 4 1 2 2 6 9 5 2 9 6 1 1 8 4 2 9 2 1 2 2 2 1 2 1 2 3 8 2 3 6 5 2 1 3 1 1 2 1 2 1 1 2 2 2 1 3 4 1 3 1 2 1 2 1 5 1 1 1 2 2 2 2 1 5 1 5 1 1 3 9 6 2 6 2 1 1 4 1 1 2 2 1 1 2 1 2 1 2 6 9 1 3 5 3 1 2 2 1 1 4 2 2 2 8 9 6 2 9 9 8 2 2 2 1 2 2 5 2 3 1 2 7 1 3 6 1 2 8 2 5 1 3 1 1 1 3 1 1 1 2 1 2 1 1 2 2 2 1 1 3 2 1 1 1 2 2 2 1 2 1 2 1 4 1 1 2 1 2 2 4 2 1 2 1 7 1 6 1 3 2 1 1 5 4 1 2 1 2 1 2 1 2 1 3 1 1 1 2 1 1 5 2 5 2 2 7 1 1 3 4 1 1 9 2 1 1 1 1 2 2 3 2 2 1 2 4 1 2 5 2 1 9 1 2 1 2 1 1 1 5 2 1 3 2 1 2 1 2 2 1 3 5 1 2 1 5 2 10 5 3 3 7 10 2 2 9 2 2 6 10 2 2 1 2 2 3 3 10 2 2 9 10 9 2 2 9 2 1 1 1 1 1 1 1 1 1 1 1 1 2 2 1 2 2 1 1 1 1 1 1 1 1 1 2 1 1 1 5 1 1 1 2 1 10 1 2 1 1 1 1 2 1 1 1 1 1 1 1 1 1 1 1 1 1 9 1 4 1 1 5 1 1 2 1 1 1 1 1 2 2 2 1 1 2 5 1 1 1 1 1 1 1 6 1 1 1 1 1 1 9 2 2 1 1 1 1 1 1 1 1 1 1 1 1 1 1 10 1 1 1 1 3 1 1 1 1 1 1 1 1 1 2 1 1 1 2 1 1 1 1 6 1 1 1 2 1 1 1 8 1 1 1 1 1 1 6 1 7 5 1 1 1 1 1 4 1 1 1 2 1 2 1 1 1 2 1 1 1 1 1 1 1 1 1 2 1 1 1 2 1 1 1 1 1 6 1 1 1 1 1 1 1 1 1 4 1 1 1 1 1 1 1 1 5 1 1 4 1 1 1 2 1 1 1 1 1 7 1 1 1 1 1 10 2 1 1 1 1 1 1 2 1 2 1 2 1 1 2 1 1 6 1 1 1 6 6 2 1 2 1 1 2 1 1 1 5 1 2 5 1 1 1 2 1 1 1 2 1 9 1 1 2 1 1 1 1 2 1 1 1 1 1 1 1 1 1 1 1 1 1 1 1 1 1 2 1 2 5 1 1 1 1 10 1 2 3 1 1 1 2 1 7 1 1 1 1 3 4 1 1 3 10 1 1 1 1 1 8 1 2 1 2 2 2 1 1 1 6 1 1 5 2 2 2 1 9 1 1 3 1 1 1 1 1 1 1 10 6 1 1 1 1 3 3 2 2 1 1 1 1 9 4 1 2 1 2 2 1 1 1 1 1 2 1 1 1 1 1 1 1 1 4 1 1 1 3 1 5 3 4 5 2 2 9 2 3 1 3 1 3 1 1 1 1 1 1 1 1 1 2 2 2 1 4 1 3 2 1 2 1 1 1 1 1 1 5 8 1 1 1 1 1 1 10 1 1 1 1 6 1 1 1 1 1 1 1 1 5 1 2 2 1 1 1 1 1 6 1 2 1 1 1 1 1 1 1 2 4 1 1 1 1 1 1 1 1 1 1 1 1 4 1 1 1 1 2 2 1 1 1 1 3 1 1 2 1 1 1 1 2 1 6 1 1 2 2 1 2 1 1 2 1 6 2 1 1 2 1 8 1 9 1 1 1 9 2 1 1 2 5 2 1 1 1 1 1 1 2 1 1 1 6 4 5 1 1 3 1 1 2 1 1 1 4 2 1 2 2 1 1 2 1 1 2 2 2 1 1 1 1 1 1 2 2 2 1 3 1 1 1 2 1 1 1 1 1 4 1 1 4 8 2 1 1 3 6 1 1 8 1 1 1 8 8 2 1 6 2 10 5 5 2 9 5 4 3 6 5 3 8 6 1 6 1 3 2 1 8 1 1 1 2 1 1 1 1 1 1 2 9 1 2 5 2 2 2 1 1 8 1 5 2 3 2 2 1 1 1 1 2 2 1 6 2 4 1 2 2 1 1 1 5 1 3 1 10 1 2 2 2 4 2 1 1 1 2 1 2 1 2 1 2 1 10 1 2 1 5 2 2 8 2 2 1 2 1 1 4 1 1 2 2 2 2 1 4 1 1 1 5 2 1 1 2 5 1 2 1 1 1 2 3 2 1 1 5 1 1 1 1 2 8 2 2 1 1 1 2 1 1 1 1 2 1 1 1 5 1 1 1 2 1 5 6 2 3 4 2 2 2 2 1 2 1 2 2 1 2 7 1 1 1 2 2 2 2 2 2 4 2 1 2 10 2 2 10 1 7 8 1 2 8 1 2 1 2 1 2 6 2 2 1 5 1 1 1 1 1 1 1 2 1 1 1 4 1 2 2 1 2 1 1 3 1 1 1 1 1 1 1 1 1 10 2 2 3 4 2 2 1 4 1 1 1 1 3 1 2 1 1 2 1 2 1 1 1 6 1 5 1 1 2 2 4 1 2 1 2 4 2 1 1 1 1 1 2 1 1 1 1 1 2 2 1 9 1 2 2 2 10 2 1 2 1 1 1 2 1 10 2 1 6 9 8 5 9 1 3 1 2 1 2 1 1 2 1 1 6 3 2 3 3 2 2 1 2 2 3 2 2 9 6 4 5 2 6 4 1 2 2 1 2 1 2 2 1 2 4 3 1 1 1 1 1 4 4 1 2 1 2 1 3 2 1 1 1 1 2 1 2 2 2 5 2 1 1 1 1 2 6 2 1 1 2 2 5 2 1 1 2 2 1 1 2 1 2 2 2 2 1 2 1 1 3 1 1 1 1 2 1 6 5 1 1 1 1 2 1 1 1 1 1 5 1 2 1 5 2 2 1 2 1 1 1 1 1 1 1 1 1 1 1 1 1 1 2 2 2 4 1 1 2 1 2 3 1 1 1 1 4 4 1 1 2 1 1 1 1 1 2 5 1 1 6 1 1 4 5 1 1 2 1 1 2 2 1 1 1 1 2 2 3 5 1 1 4 2 1 3 2 2 1 1 1 1 1 2 1 3 2 7 1 1 2 1 2 3 1 1 1 2 1 1 4 10 1 8 2 1 1 7 2 2 2 1 1 2 2 8 2 1 2 2 2 2 2 1 1 1 2 2 1 1 2 10 1 6 1 1 2 1 2 1 2 8 2 2 6 4 2 1 2 2 1 1 2 1 2 4 1 1 3 2 1 2 1 4 2 1 1 2 1 2 1 1 1 1 1 1 1 1 1 2 6 1 1 1 2 8 1 2 1 1 1 1 2 3 2 1 1 1 2 2 1 3 5 1 1 7 2 2 1 4 1 1 5 9 1 2 1 6 2 1 2 2 1 1 2 3 1 2 1 6 1 2 7 1 6 2 1 10 1 2 1 2 1 2 1 4 3 1 1 2 1 1 4 2 1 2 4 2 2 1 1 2 1 1 1 1 5 1 3 4 1 1 8 1 2 1 1 2 1 2 1 2 2 1 2 2 1 2 3 2 6 1 1 1 1 1 1 1 1 3 2 2 6 1 2 4 3 1 1 1 1 1 1 1 1 1 1 3 2 2 6 1 2 6 1 2 1 2 1 1 2 8 1 1 1 1 1 2 1 1 1 1 1 2 1 3 3 2 1 1 2 2 2 1 2 1 1 1 2 2 1 3 1 1 1 1 1 1 2 1 1 2 1 1 1 2 1 1 1 1 1 1 2 2 1 1 7 1 1 1 1 2 2 2 2 1 2 1 2 1 2 2 2 1 1 2 2 1 2 1 1 1 2 1 2 1 2 1 1 2 4 4 2 1 2 4 2 1 9 1 3 2 2 2 5 2 1 2 1 2 2 2 1 8 2 2 2 1 2 2 5 6 2 2 3 2 4 1 1 1 1 1 1 1 1 1 2 4 2 1 1 10 2 1 2 2 1 2 1 1 6 1 2 3 3 3 1 1 1 1 7 2 7 9 2 2 2 9 2 1 1 1 1 1 1 1 1 1 1 2 6 1 7 1 1 1 3 2 1 1 5 2 5 1 8 1 1 9 2 8 4 1 5 6 2 1 2 1 1 1 10 1 1 2 2 1 1 2 4 2 1 1 1 2 1 3 2 2 1 1 1 1 2 5 1 2 5 5 7 4 1 2 2 7 1 1 8 2 1 10 1 1 2 1 5 2 1 2 5 2 2 7 1 2 3 1 4 1 1 2 1 1 6 1 2 8 10 1 10 1 1 4 2 6 2 1 1 2 10 1 1 1 2 2 3 2 3 1 2 2 5 1 2 1 2 1 5 1 5 2 5 6 2 1 10 1 6 6 2 1 1 1 6 7 1 1 3 1 1 2 2 9 1 2 10 1 9 2 8 2 2 1 2 8 2 1 2 1 1 2 1 2 7 1 1 1 1 2 8 1 2 1 1 5 1 8 3 1 1 1 2 2 1 2 1 1 1 2 2 1 1 2 2 2 1 1 1 1 1 6 1 1 2 1 1 2 4 2 4 4 8 2 6 1 5 8 2 8 8 2 1 2 3 2 7 2 1 2 10 1 5 2 10 2 4 2 1 7 1 1 1 3 2 2 2 2 1 1 2 8 1 1 2 5 1 1 2 2 1 1 4 2 2 5 4 1 9 4 3 5 2 2 2 2 6 2 1 1 2 1 1 9 1 1 1 2 1 1 9 4 8 1 1 2 1 2 5 1 3 1 1 8 4 2 8 2 2 6 2 1 4 1 6 2 2 10 2 1 2 2 5 1 6 2 2 3 7 1 1 6 2 2 1 2 3 1 1 2 1 6 2 1 1 3 2 1 1 1 4 1 1 1 1 1 9 10 3 2 2 2 2 2 1 1 1 1 4 1 1 1 3 9 2 8 1 1 1 10 2 10 2 1 1 2 5 2 4 2 2 2 5 2 1 1 1 2 2 1 1 2 1 3 1 2 2 1 5 2 2 4 1 1 1 2 1 1 5 2 1 2 2 1 1 3 4 1 2 2 1 1 9 2 4 3 1 1 2 2 1 2 7 4 8 1 1 2 2 1 2 1 1 2 2 1 1 2 6 1 1 6 6 2 10 1 2 2 10 2 1 7 1 5 1 3 1 5 1 1 9 1 1 2 2 9 2 1 2 7 3 3 1 1 10 5 1 1 2 2 1 2 2 1 1 2 1 2 2 2 2 8 1 2 2 7 2 2 2 6 1 1 2 2 1 2 3 2 2 5 2 7 2 2 2 8 2 1 2 1 1 6 5 1 1 9 5 4 4 1 1 1 1 2 1 2 5 1 2 10 1 1 9 1 1 1 1 1 6 9 2 2 1 1 2 4 1 1 1 1 2 1 2 3 1 2 2 1 1 1 1 9 3 2 6 4 1 2 2 1 6 1 1 1 2 1 1 1 2 1 2 1 1 4 2 8 1 2 2 3 1 1 4 1 1 1 1 9 4 2 2 1 1 2 5 1 4 1 1 1 1 5 1 2 2 5 5 1 1 1 2 1 2 1 1 1 1 2 1 2 1 2 6 1 3 1 2 1 1 7 1 4 1 1 6 2 1 4 1 1 1 2 1 1 1 2 1 1 1 1 1 3 2 1 3 3 1 10 1 1 1 2 7 1 4 3 2 1 2 2 1 2 1 1 1 2 2 1 1 7 1 10 1 1 1 2 1 10 1 1 1 1 7 4 2 1 1 1 1 2 1 3 2 2 2 5 6 1 2 1 1 1 1 2 1 2 1 2 7 1 2 5 2 2 1 1 8 1 1 1 2 1 1 7 1 1 1 1 1 1 1 1 1 2 1 1 1 2 2 1 1 1 1 2 2 1 1 7 7 1 5 1 3 1 1 7 6 2 3 2 2 1 1 1 1 1 1 1 1 1 1 2 1 1 2 1 1 2 1 1 3 1 7 1 2 1 2 1 2 1 2 1 2 2 2 2 10 3 1 1 3 4 2 1 1 1 6 1 1 1 2 2 1 5 1 1 1 1 2 2 2 1 1 2 1 10 1 2 1 1 1 1 1 1 2 1 6 1 1 1 4 1 2 1 1 2 1 2 1 1 4 1 1 1 1 2 2 1 1 2 1 2 1 2 1 4 6 1 2 1 1 9 1 1 6 1 2 2 2 2 2 4 1 6 10 4 2 1 2 2 3 1 8 5 6 2 1 1 3 1 9 8 5 10 4 7 2 2 3 1 1 2 1 1 1 4 10 1 1 1 1 1 1 1 6 1 1 1 1 2 2 1 6 1 1 1 2 1 2 1 5 6 1 2 1 1 2 1 1 1 8 2 2 1 2 1 1 1 3 2 1 2 2 6 3 3 1 7 4 1 1 1 1 1 1 2 9 1 1 3 1 1 1 2 2 1 1 1 2 1 1 6 1 1 6 3 1 1 2 2 1 4 2 2 2 1 1 1 6 1 2 2 1 6 2 5 4 5 1 1 3 1 1 2 1 1 2 1 3 1 5 2 1 1 1 2 10 1 1 1 1 2 1 1 1 1 1 4 2 1 1 1 4 2 6 3 2 1 1 1 6 1 1 1 1 1 1 1 1 1 1 1 1 7 3 2 1 1 1 2 2 2 2 1 1 2 1 1 1 1 1 3 1 2 1 1 2 1 8 1 1 1 1 1 1 1 2 1 1 1 3 5 2 3 1 1 2 6 2 2 2 1 5 2 2 1 2 2 2 1 1 2 1 1 1 1 2 1 2 1 1 2 1 2 2 2 1 2 2 6 1 1 6 9 1 2 8 2 1 7 1 1 4 2 1 2 1 1 5 2 2 2 2 1 2 1 1 1 1 2 2 1 1 2 1 4 5 4 1 1 2 5 2 4 6 3 1 2 1 2 2 1 7 2 1 2 1 1 1 1 5 7 10 9 2 1 1 7 2 8 2 2 1 1 1 1 1 2 1 4 1 1 2 10 1 9 1 1 2 2 1 1 1 6 1 2 1 1 6 10 1 2 1 3 2 1 2 6 1 1 1 1 1 1 1 5 1 3 5 8 1 2 1 1 1 3 1 1 2 3 1 1 2 2 5 2 1 1 1 3 2 2 1 1 1 1 8 2 2 2 2 2 10 1 1 1 2 2 1 1 9 1 2 1 1 10 1 2 7 1 2 5 3 1 1 6 1 1 3 2 2 2 4 2 2 1 3 2 1 1 2 1 1 2 1 7 2 1 1 7 2 4 1 7 7 10 1 3 8 6 10 4 5 9 10 3 10 10 1 1 1 1 7 8 10 4 2 8 1 1 8 2 3 3 3 2 1 1 8 1 2 2 2 1 2 1 2 2 3 2 9 2 1 2 2 7 3 2 2 5 9 2 2 1 2 1 2 5 5 2 5 1 1 1 2 1 2 4 1 1 1 2 2 2 8 2 1 2 2 2 2 1 10 1 6 7 2 2 2 4 2 2 2 4 4 4 2 4 2 2 2 2 1 2 9 2 1 2 2 3 1 5 6 1 1 2 5 5 1 2 5 4 1 2 2 10 2 2 2 2 3 4 2 1 6 2 9 2 3 2 2 2 2 1 2 2 2 3 2 2 5 1 2 2 1 2 1 8 1 2 1 2 1 3 8 2 1 2 5 3 1 5 6 3 6 2 2 4 3 4 2 5 4 2 4 2 8 8 2 1 2 2 2 2 4 2 2 1 2 3 1 5 4 1 2 2 2 2 1 1 1 2 10 6 2 3 9 2 5 1 10 2 2 8 2 1 3 2 1 2 1 9 5 4 5 1 6 1 2 1 10 1 4 2 10 1 3 6 2 1 1 6 6 2 1 2 2 2 1 2 1 1 2 2 1 6 1 9 1 2 2 2 1 2 2 5 2 1 9 2 3 1 1 2 1 3 1 8 1 5 3 2 2 1 2 1 1 1 2 1 1 1 6 2 2 2 2 2 1 1 2 1 1 1 1 1 1 1 1 1 1 3 2 2 1 1 1 4 1 1 2 1 1 1 1 1 9 1 1 1 2 8 1 2 1 1 2 1 2 3 1 2 5 1 1 1 1 1 6 1 1 2 1 1 2 2 2 1 1 4 1 4 2 1 1 6 1 1 1 3 1 6 1 1 1 4 2 1 1 1 1 1 1 6 2 7 3 3 2 1 1 1 1 1 1 1 1 2 1 2 2 3 2 2 1 1 9 1 9 4 1 1 1 1 1 2 1 2 2 1 1 1 1 1 3 1 1 1 2 1 1 1 1 1 2 1 1 1 2 1 1 1 1 2 1 8 5 2 1 1 2 1 2 1 2 2 1 3 1 1 2 1 1 1 1 2 1 2 1 5 1 5 1 6 2 1 2 7 2 2 2 6 1 1 2 2 1 1 2 2 1 2 1 1 1 1 1 1 2 1 2 1 2 1 8 1 1 2 1 2 6 2 7 2 2 3 9 2 3 6 3 3 2 2 1 5 2 1 2 2 1 1 6 1 7 1 1 2 1 1 2 2 1 7 1 2 1 5 2 2 2 2 3 7 2 1 1 2 1 1 1 1 1 2 5 1 2 1 1 1 2 1 2 1 2 1 2 3 3 1 1 1 4 2 2 1 7 1 2 1 1 7 1 1 2 1 1 2 1 1 1 1 1 1 3 1 1 1 2 2 2 6 1 2 1 1 1 2 2 1 1 1 2 1 2 1 1 1 2 4 2 1 2 1 2 1 1 2 2 1 1 1 1 1 1 1 3 1 9 1 1 5 1 1 7 6 1 5 1 9 1 1 8 1 1 1 1 1 2 2 1 1 2 2 1 1 2 1 1 1 1 6 1 1 1 3 1 1 1 5 1 1 1 2 2 1 8 2 2 1 2 1 1 2 1 6 6 6 2 2 1 1 1 10 1 2 2 1 1 6 2 2 1 2 1 6 1 3 2 2 1 3 1 1 1 8 6 2 3 2 5 1 2 1 1 4 1 1 2 7 4 2 5 3 1 2 3 1 3 2 2 2 3 5 2 4 9 1 2 1 2 1 1 1 3 2 3 1 1 6 2 3 2 2 2 3 2 6 8 2 8 1 4 6 1 1 2 2 5 2 6 2 2 1 5 3 2 2 2 2 5 3 9 1 10 2 1 2 2 2 1 4 3 2 5 2 2 1 2 1 3 2 1 1 1 4 8 2 5 10 1 1 1 1 2 5 1 6 3 8 1 9 2 2 1 1 9 1 1 3 1 4 6 8 1 1 1 1 1 2 1 2 1 1 1 3 1 1 5 1 1 2 1 2 1 1 1 1 2 1 2 10 2 1 2 1 9 2 2 4 2 1 1 2 5 2 1 1 2 3 10 1 1 1 2 3 2 1 1 1 2 1 1 2 2 1 1 1 2 5 1 2 1 2 1 2 1 2 5 2 4 5 1 1 1 2 2 2 9 3 1 1 1 1 2 2 7 1 1 1 1 3 3 1 1 1 3 3 1 2 2 1 2 1 1 2 1 1 5 1 3 1 3 2 4 1 1 1 1 1 1 3 3 3 6 1 1 1 2 1 2 1 1 1 1 1 1 1 4 1 2 2 7 1 2 6 2 5 2 6 6 2 2 1 2 2 2 4 4 9 1 6 5 2 1 2 2 6 1 2 2 2 2 2 7 2 4 6 1 1 2 4 1 2 2 1 2 2 1 1 5 8 2 3 2 10 1 1 1 2 2 2 2 2 3 2 2 1 6 2 1 2 6 1 1 1 2 1 2 1 2 1 1 5 2 2 1 2 1 1 1 1 1 1 1 1 1 2 1 2 2 1 5 2 1 5 2 1 1 1 1 2 1 2 1 3 1 1 1 1 1 2 5 1 1 6 10 2 1 2 2 2 2 2 1 1 1 1 1 2 7 2 1 4 2 1 1 1 1 1 1 1 1 1 1 2 7 1 3 1 1 2 1 1 2 1 1 1 1 1 1 2 1 1 1 2 5 2 4 2 2 1 1 5 4 1 1 1 1 1 1 7 8 2 1 1 1 1 1 2 1 1 1 2 2 2 1 1 1 1 1 1 2 1 1 1 1 6 1 1 1 1 8 1 2 1 2 2 1 1 1 2 1 2 3 1 1 1 7 9 1 2 1 1 1 1 3 1 1 1 2 1 1 1 1 3 1 1 7 1 1 1 2 1 2 1 1 3 2 1 2 2 1 3 1 1 1 5 1 6 1 1 2 2 1 1 2 2 2 2 1 1 1 1 1 1 2 1 5 2 2 1 6 1 1 1 4 2 1 1 2 2 1 3 1 1 1 1 2 1 3 1 1 2 6 2 1 1 2 1 2 4 1 1 1 1 4 1 3 4 2 2 1 4 7 4 1 2 2 2 3 7 2 1 4 2 6 1 3 3 1 3 1 3 1 7 2 2 1 1 1 2 7 7 1 2 8 1 1 2 1 1 1 1 1 4 1 1 1 1 1 1 2 2 2 2 4 2 1 2 1 2 1 2 1 2 2 1 1 1 2 5 1 1 1 3 2 2 1 1 1 2 3 1 1 4 1 1 2 2 4 1 1 4 1 3 2 1 1 1 2 1 1 2 1 2 1 4 1 4 4 1 1 2 1 2 2 1 1 6 1 2 1 1 2 1 1 2 2 1 1 2 2 3 1 1 2 2 1 1 2 9 1 1 1 3 3 1 1 1 1 1 1 2 4 2 1 7 2 1 1 1 4 2 2 1 2 1 5 1 1 1 2 1 1 2 2 10 1 2 1 2 1 1 2 1 2 1 2 2 1 1 1 1 1 1 1 1 1 1 1 1 1 1 1 4 1 1 1 1 4 2 2 1 1 1 1 1 1 1 2 1 1 1 1 6 1 2 1 1 1 2 1 2 1 1 1 2 2 2 1 2 2 2 7 4 1 1 1 2 9 1 1 2 4 2 2 1 2 1 1 2 2 3 3 3 2 2 1 4 1 1 2 2 3 2 1 2 4 7 1 1 2 2 2 1 2 1 1 9 1 1 1 1 1 1 5 1 1 1 1 1 2 2 1 1 1 4 5 1 1 1 1 4 3 1 1 1 1 2 6 1 1 2 1 1 1 1 2 1 5 1 1 5 1 1 1 2 2 1 1 2 1 1 2 1 1 1 2 2 1 1 1 1 3 1 1 1 1 1 3 2 2 6 2 5 4 2 1 1 1 1 2 3 2 1 1 2 1 1 5 2 4 2 1 1 1 1 6 1 1 1 2 1 1 1 1 5 2 2 2 4 1 2 1 1 1 1 1 1 2 1 1 1 2 1 1 1 1 2 2 2 5 2 2 1 1 1 1 1 2 1 1 1 10 2 1 2 1 2 2 5 1 1 2 2 1 2 2 1 1 2 2 1 4 1 1 1 2 1 1 2 1 9 1 1 6 2 1 2 1 1 2 2 1 1 2 1 1 3 1 1 1 4 1 1 1 9 1 1 1 2 2 1 2 3 2 1 1 2 2 2 1 2 2 1 1 9 1 2 1 4 1 1 1 1 5 2 2 2 1 1 1 1 6 1 6 1 1 2 7 1 2 1 1 1 1 6 2 1 3 10 4 2 1 1 2 9 5 1 2 2 2 1 1 1 2 2 1 6 4 5 2 2 3 2 1 5 4 5 1 2 4 1 1 6 1 2 2 1 2 10 1 1 2 1 1 2 2 1 2 2 8 2 1 1 2 7 1 1 1 1 2 1 1 1 1 1 2 6 2 1 6 2 1 1 1 1 2 1 1 1 1 2 1 2 10 5 2 1 2 1 4 1 3 1 8 7 1 5 7 2 1 1 4 1 1 6 5 1 2 1 1 1 2 1 2 1 5 1 1 1 1 1 1 2 1 2 1 1 1 4 1 1 1 1 3 3 1 2 5 1 1 1 2 1 2 2 1 1 7 1 1 2 1 1 2 2 1 2 7 2 2 1 1 1 1 1 1 1 1 1 1 1 1 5 6 1 1 2 2 1 1 1 2 5 1 2 1 2 1 7 2 1 1 1 2 1 2 1 9 1 8 1 1 2 2 3 9 5 1 1 5 2 7 2 5 7 1 2 1 1 3 1 1 2 2 1 1 1 3 2 1 1 1 6 2 3 2 2 2 1 1 2 1 1 2 4 1 1 1 1 2 1 1 7 8 1 1 1 2 1 2 1 2 2 2 1 2 1 1 2 1 2 1 1 1 2 1 1 2 1 5 1 1 7 8 6 2 1 5 3 2 2 1 1 1 1 1 1 6 2 4 9 6 2 4 1 2 10 7 5 1 9 2 5 8 2 1 2 3 3 4 2 2 4 3 6 5 1 1 1 1 2 2 1 1 1 4 7 8 2 2 2 10 2 1 1 2 2 2 1 2 3 2 2 6 1 2 5 1 1 1 9 2 3 4 2 8 1 5 6 2 2 8 1 1 6 2 1 2 1 1 1 1 1 1 4 1 1 1 3 2 1 1 2 1 2 2 1 2 2 1 1 1 2 2 1 1 1 2 4 1 1 2 1 1 4 2 1 2 1 2 2 2 1 1 5 2 1 2 1 2 2 2 4 3 4 1 2 6 1 5 1 1 3 5 1 4 1 5 2 1 1 2 2 2 1 1 2 3 2 7 2 1 2 2 2 2 2 1 2 2 1 2 10 2 1 2 1 1 1 10 5 1 1 1 2 2 3 6 1 1 2 8 2 1 1 2 1 2 5 2 2 2 1 1 7 1 1 1 2 2 2 9 1 1 4 2 2 1 2 1 5 2 2 1 3 3 2 8 2 1 10 2 2 1 2 2 1 1 7 1 6 1 2 1 8 1 1 1 2 1 2 1 1 1 1 1 1 1 2 2 1 1 1 1 1 1 2 1 2 1 2 8 10 2 4 2 1 2 1 1 2 1 3 3 2 3 2 5 1 6 2 2 2 2 2 1 1 1 9 1 1 10 10 2 2 3 1 6 10 1 5 4 1 1 1 3 4 5 6 2 1 2 1 1 8 2 2 1 4 1 2 1 2 1 5 10 1 2 1 2 2 2 1 3 1 1 1 2 5 1 1 2 1 1 1 2 2 1 1 2 2 10 1 5 7 3 1 1 1 1 1 1 1 2 3 1 1 1 1 1 6 5 4 1 3 2 2 2 1 1 1 1 3 7 1 2 2 1 5 1 2 1 1 6 1 1 10 9 10 2 1 1 2 1 1 1 4 2 1 2 2 1 1 2 6 1 1 1 4 1 1 1 2 1 4 2 1 1 2 2 1 1 1 2 9 1 9 2 1 1 2 1 1 2 1 2 1 1 1 2 2 1 1 1 1 1 2 1 4 1 3 1 1 3 4 4 2 1 7 2 1 1 3 1 2 2 1 2 2 3 3 2 1 2 1 1 1 1 10 6 1 1 1 2 3 1 1 1 10 2 1 1 8 1 6 1 7 1 2 7 1 2 1 6 5 2 1 2 1 2 1 2 7 1 3 2 1 1 7 1 1 7 1 2 2 6 4 2 8 1 2 1 2 10 2 2 1 2 1 3 1 1 1 5 1 1 2 2 2 5 1 2 8 1 1 1 1 1 1 1 2 1 1 6 2 2 6 1 2 1 8 1 1 1 1 2 2 1 1 2 1 1 1 2 1 1 2 5 1 1 1 2 5 1 1 1 2 7 2 2 3 1 1 2 4 1 2 10 1 1 1 1 1 1 2 1 3 1 1 1 1 1 1 2 2 4 1 2 6 1 8 1 6 3 2 1 1 1 1 1 2 4 2 2 1 2 4 1 1 1 2 1 1 2 2 1 2 1 1 2 5 4 1 5 1 3 2 1 6 1 1 1 1 2 1 2 3 3 1 2 1 2 1 2 2 7 2 1 2 4 2 1 3 1 1 1 1 2 1 2 2 7 1 6 2 2 1 1 1 2 1 1 1 2 2 1 1 2 1 2 1 7 2 7 1 1 1 1 1 5 1 8 10 2 4 10 2 2 3 1 8 5 2 1 5 1 2 4 3 2 4 2 1 2 8 1 2 2 1 1 1 3 2 1 1 2 2 7 2 7 4 1 10 1 1 1 2 6 1 1 1 6 2 1 2 2 1 1 1 3 7 1 2 2 1 1 4 9 1 1 5 1 2 2 1 1 2 1 7 1 1 4 2 1 2 2 2 3 1 2 1 3 2 4 1 4 1 1 1 5 2 1 4 6 1 1 1 1 1 1 1 4 1 2 1 4 8 2 1 8 2 2 1 8 1 1 1 1 1 7 1 1 1 1 1 1 2 2 4 3 3 1 2 6 2 1 2 4 2 3 1 1 1 4 1 6 1 2 1 1 1 2 1 2 3 2 2 1 2 1 4 4 1 5 1 2 3 10 1 1 1 2 2 1 1 1 9 4 4 2 2 1 1 3 3 6 9 4 1 1 2 6 1 2 1 4 1 5 2 1 1 1 2 2 1 2 1 1 2 1 1 5 1 2 4 1 1 1 10 1 8 6 1 1 3 8 1 2 2 4 2 6 1 2 2 2 1 1 1 1 1 6 1 7 2 2 6 2 1 2 1 2 4 1 1 6 2 2 3 1 2 2 2 1 1 3 4 1 7 1 1 2 8 6 1 1 1 1 2 1 9 5 2 3 2 1 6 1 7 1 2 2 1 2 8 2 4 5 1 1 1 1 2 3 2 2 2 2 10 2 1 1 1 2 1 1 8 1 7 2 1 5 6 1 1 1 2 7 1 2 1 1 1 2 2 5 3 3 5 1 1 1 2 1 1 2 1 1 1 4 2 2 2 1 1 1 1 7 10 3 1 1 3 2 1 5 2 1 1 3 1 5 1 1 2 1 9 2 2 1 1 2 7 1 2 1 1 2 2 1 1 2 1 1 4 2 3 1 1 2 1 5 1 1 1 1,4 8 2 1 1 2 1 1 1 1 4 9 9 2 1 2 1 4 2 2 1 4 2 9 9 1 1 2 1 1 2 2 2 1 8 1 8 1 1 1 1 1 1 1 1 1 1 2 1 2 1 1 1 9 5 9 1 1 1 1 2 1 2 1 1 1 1 9 1 9 1 1 2 1 1 1 1 2 1 2 1 5 6 2 1 1 1 2 2 1 1 1 2 1 1 1 1 1 1 1 2 6 1 1 6 1 1 1 1 1 2 1 2 1 1 2 2 1 2 1 1 2 1 1 1 2 2 1 1 4 2 1 2 1 4 1 1 1 1 1 1 1 1 1 1 10 3 2 1 1 1 2 1 1 2 1 1 4 1 1 3 1 5 2 1 7 1 3 7 1 1 5 2 1 1 1 1 1 1 2 1 1 2 1 1 2 1 1 1 1 2 2 1 2 1 6 2 1 1 1 1 1 1 1 1 10 2 1 2 1 1 2 4 1 1 10 1 2 2 1 1 1 6 4 1 1 1 9 1 1 2 1 6 1 9 1 2 2 1 4 1 4 1 9 4 5 5 1 5 1 1 9 2 2 2 1 1 1 2 1 8 2 1 1 1 1 2 5 1 1 1 5 5 1 1 10 2 2 2 1 1 6 1 1 1 6 2 2 1 1 1 2 2 6 6 1 1 10 1 1 2 1 1 2 2 1 1 2 1 1 6 2 6 1 2 6 5 1 2 1 1 5 1 1 1 1 1 5 2 4 1 1 1 2 1 1 1 2 1 1 1 5 1 2 1 1 1 1 1 1 2 1 2 1 1 1 1 1 1 2 1 1 1 1 1 1 1 1 2 1 1 2 1 1 1 1 9 6 1 1 2 6 1 1 1 1 1 1 1 4 1 1 1 2 1 1 2 1 2 1 1 1 2 2 1 1 2 1 2 1 1 1 1 2 1 2 2 1 1 1 1 3 1 7 7 2 1 2 2 3 1 2 1 2 7 7 7 1 1 1 1 1 7 7 2 2 7 2 2 1 5 3 5 1 1 1 2 1 1 2 2 1 2 2 2 1 4 1 7 6 6 8 3 1 4 2 9 4 4 6 10 1 10 2 1 6 4 4 2 5 2 4 1 1 5 2 6 2 2 2 2 1 1 2 1 2 5 9 5 1 2 1 1 2 2 5 6 2 1 1 2 1 1 2 2 1 2 1 1 2 5 1 4 4 2 1 1 1 1 1 1 6 1 2 1 10 7 1 1 5 2 1 1 1 1 6 1 1 1 2 1 6 2 1 1 1 1 1 1 9 5 2 1 1 1 1 1 1 1 1 1 1 1 1 1 1 1 2 1 1 1 1 1 1 1 1 1 1 1 1 1 2 1 2 1 1 1 2 2 1 2 6 2 1 1 1 2 2 1 1 1 1 2 1 3 1 1 1 1 1 1 4 2 2 1 2 2 1 2 1 2 2 1 2 2 1 1 1 1 1 1 2 1 1 2 1 1 1 1 1 1 1 2 1 1 1 2 2 2 1 2 1 2 1 1 2 1 1 1 1 1 1 1 1 2 1 2 1 1 2 1 2 2 1 1 1 1 1 2 1 2 1 1 1 1 1 3 1 1 1 1 1 2 2 1 1 1 1 1 3 1 1 1 1 1 2 2 3 7 3 2 1 1 1 2 3 1 2 1 1 2 1 1 1 2 2 2 1 1 2 6 2 2 1 2 2 1 2 1 2 1 3 1 2 1 1 2 1 3 1 1 2 2 1 2 3 4 2 9 5 7 2 3 5 4 4 7 4 4 1 4 1 2 1 1 1 1 1 1 1 1 1 1 1 1 1 2 1 1 1 1 1 1 1 1 1 1 1 2 1 1 1 1 1 1 1 1 2 6 4 1 1 4 2 2 2 2 1 1 1 1 1 1 5 7 1 1 1 1 1 1 2 1 1 2 2 2 4 4 4 1 1 1 1 7 1 10 2 7 2 2 6 2 3 8 1 6 6 4 4 8 6 3 2 2 2 2 2 1 2 2 2 2 2 2 4 2 2 3 5 2 2 2 2 1 1 1 1 2 1 1 1 2 2 2 2 2 2 2 2 3 2 6 2 2 2 2 1 2 1 1 3 1 2 1 2 2 2 2 2 1 2 1 1 2 2 1 2 2 2 2 1 2 2 2 2 2 1 2 2 1 2 2 2 2 2 2 5 2 5 2 1 2 1 3 6 2 2 2 2 2 3 1 2 2 2 3 2 2 2 2 1 1 2 1 2 1 1 2 2 1 2 3 3 2 2 1 2 2 2 2 1 2 2 2 2 2 2 2 2 2 2 3 2 5 6 1 3 6 1 1 2 2 5 1 9 8 3 5 6 6 4 2 5 2 2 2 2 3 1 1 1 2 1 2 1 2 8 5 2 2 1 2 6 2 1 2 2 2 2 2 1 5 1 4 1 1 3 1 2 2 2 2 3 1 2 4 6 3 2 1 2 2 2 4 2 1 1 2 1 8 1 1 2 3 2 2 2 2 2 2 8 2 3 2 2 2 1 1 1 2 4 1 8 1 1 2 4 1 1 1 1 2 10 1 8 3 2 2 2 2 1 1 8 5 6 6 2 8 4 2 2 1 1 7 6 3 1 1 2 1 4 6 3 2 9 7 6 4 9 1 2 2 2 2 2 2 2 2 2 1 2 6 2 1 10 2 1 1 3 1 2 2 2 1 1 2 3 2 2 2 2 5 6 5 3 3 2 2 2 3 3 3 1 3 1 3 3 3 3 1 1 1 1 1 3 2 1 3 3 3 3 3 2 3 3 1 3 3 2 1 2 3 3 3 2 1 3 1 1 1 4 3 2 8 2 2 10 2 2 8 4 1 1 2 2 2 6 2 2 2 2 2 7 1 1 2 2 2 2 2 2 4 1 2 1 6 6 1 4 2 4 1 2 2 1 4 3 8 2 8 8 2 2 6 8 2 3 2 2 1 2 2 4 6 1 1 1 2 2 3 6 3 8 2 2 8 2 2 1 2 2 2 9 2 1 2 2 4 2 2 2 7 3 2 2 3 4 7 2 1 2 1 2 10 2 2 2 2 2 2 2 2 2 2 1 2 2 2 1 2 2 9 1 1 4 2 2 2 2 2 2 10 2 2 1 2 2 7 5 2 2 1 1 2 1 2 2 4 2 1 2 2 2 1 2 2 10 1 2 2 2 1 2 2 1 1 10 2 6 6 5 8 3 3 2 3 3 2 3 2 6 6 1 6 4 6 4 6 3 6 3 3 1 1 4 1 2 2 2 1 1 1 2 1 1 2 1 1 2 1 1 4 2 2 1 1 2 2 1 2 2 2 2 2 2 2 1 2 1 2 1 2 2 1 2 2 2 2 2 2 1 2 1 2 2 2 2 1 2 2 2 2 2 2 6 2 1 1 1 1 2 2 1 10 2 1 1 2 2 2 2 2 3 2 2 2 3 1 1 2 2 1 2 1 2 2 2 2 2 8 1 2 2 2 2 2 2 2 2 1 4 2 3 2 1 2 2 2 2 2 2 1 2 2 2 2 1 2 2 1 2 2 2 5 5 5 3 5 3 5 5 5 7 6 7 6 8 2 2 6 2 6 7 7 5 5 5 5 5 5 5 5 3 3 1 1 2 1 1 1 1 1 1 2 1 1 2 6 1 6 6 1 1 1 1 1 1 1 1 1 10 1 1 1 2 1 1 1 2 1 1 1 2 1 1 1 1 1 1 1 1 1 1 1 1 1 1 1 1 1 5 8 6 6 1 1 3 1 1 6 1 1 1 1 1 2 2 1 1 1 1 2 1 1 2 1 1 2 1 2 1 1 1 1 1 1 5 5 2 1 1 1 1 1 1 1 1 1 1 1 1 1 1 5 1 2 1 1 10 1 1 1 1 1 1 1 1 2 2 1 1 1 6 1 1 1 1 3 1 1 1 2 1 1 1 8 1 1 1 1 1 2 3 1 10 2 1 4 1 1 1 3 1 1 1 2 1 2 1 1 1 5 1 1 1 1 1 1 1 1 1 2 1 1 1 6 1 1 1 1 1 2 1 1 1 1 1 1 1 1 1 2 1 1 1 1 1 1 1 2 8 1 1 3 1 1 1 2 1 1 1 1 1 3 1 1 1 1 1 3 2 1 1 1 1 1 1 2 1 4 1 3 2 1 2 1 1 3 1 1 1 8 3 2 1 2 1 1 2 1 1 1 2 2 4 6 2 1 1 6 1 1 1 2 1 3 1 1 4 1 2 1 1 5 2 1 1 1 1 1 1 1 2 1 1 1 1 1 2 1 1 4 1 2 2 1 1 1 2 5 4 3 3 1 1 1 2 1 5 1 1 2 1 2 8 1 2 5 3 1 1 1 2 1 3 1 2 5 5 1 1 1 1 1 3 1 1 5 3 2 2 1 5 1 1 3 1 1 1 1 1 1 1 1 2 1 1 1 4 2 2 2 2 1 1 1 1 3 2 1 5 1 2 4 1 1 1 1 1 2 2 2 1 1 1 2 1 1 2 2 1 1 2 2 2 2 2 3 2 2 3 1 2 1 2 1 2 1 1 1 1 1 1 1 1 1 5 6 5 2 3 1 2 2 1 1 5 2 1 2 1 1 5 5 1 1 1 1 1 1 10 1 1 1 1 4 1 1 1 1 1 1 1 1 3 1 2 5 1 1 1 1 1 2 1 1 1 1 1 1 1 1 1 2 2 1 1 1 1 1 1 1 1 1 1 2 1 2 1 1 1 1 1 2 1 1 1 1 3 1 1 3 1 5 2 1 2 1 6 1 2 2 2 1 2 1 1 2 1 5 2 1 1 2 2 9 1 5 1 1 1 6 2 1 1 5 6 5 1 1 1 1 1 2 2 1 1 1 3 3 8 1 1 2 2 1 3 2 1 1 2 1 4 2 2 2 1 2 1 1 2 2 2 1 1 1 1 1 2 2 2 2 1 1 1 1 1 2 1 1 1 1 1 2 1 1 2 3 2 2 1 5 2 1 1 3 1 1 1 8 3 2 5 8 5 8 9 2 5 3 2 1 1 2 4 9 10 3 2 8 2 7 2 1 1 1 2 1 2 1 1 1 1 1 1 1 2 1 5 2 1 2 1 1 1 2 1 1 2 2 1 1 1 2 1 1 7 3 1 1 2 2 1 1 1 1 1 1 1 1 2 1 7 1 10 2 1 9 1 1 1 1 1 1 1 1 2 2 1 1 5 1 2 1 7 7 7 6 2 1 1 1 1 1 2 1 1 7 7 7 1 1 7 1 1 1 5 3 1 1 2 3 1 1 1 4 1 2 1 2 4 1 2 1 1 1 1 1 1 2 1 1 1 1 1 1 1 4 4 4 1 6 1 1 1 1 2 1 1 9 10 8 9 2 2 2 1 2 5 1 1 2 1 1 4 2 1 5 4 5 5 5 2 9 5 2 4 1 1 8 2 1 8 1 8 6 1 2 1 1 2 1 1 2 5 5 2 2 1 2 1 1 1 2 2 1 1 1 1 2 1 2 1 2 2 4 2 1 2 6 2 1 1 1 2 1 1 1 1 9 1 2 1 1 2 8 1 2 1 4 1 1 1 1 2 1 1 6 1 1 2 2 1 8 1 2 1 1 1 1 2 2 2 1 7 7 2 1 1 1 1 1 5 4 1 1 1 1 5 5 4 4 1 3 5 5 5 10 4 1 1 1 1 5 4 3 2 2 10 1 9 1 2 3 2 4 1 1 1 1 5 7 1 5 2 1 8 2 5 7 1 2 1 2 7 8 5 3 10 7 5 5 7 2 4 2 5 4 6 2 2 2 2 1 2 5 1 1 1 5 2 2 1 1 4 1 2 1 1 2 1 1 1 1 2 2 3 1 2 2 10 1 1 1 1 5 5 2 1 1 2 2 2 10 1 1 5 2 1 1 2 1 2 1 1 2 1 2 7 1 2 10 1 4 1 2 2 1 5 1 2 1 1 1 1 1 1 1 2 2 1 1 1 3 2 10 1 2 2 2 1 1 1 2 1 1 1 2 1 1 2 2 2 2 2 2 1 1 2 5 2 3 1 1 1 1 3 1 1 2 2 1 1 1 1 2 2 9 1 1 2 1 1 2 2 1 1 5 1 2 2 2 4 2 1 2 1 2 1 1 2 1 7 3 2 2 5 1 1 1 1 1 1 2 1 3 1 2 1 1 2 2 2 2 2 2 1 3 1 1 1 1 2 9 1 1 1 9 4 4 2 2 1 10 2 5 1 4 6 2 2 1 2 1 1 1 1 4 4 1 5 4 2 9 1 5 2 2 2 1 1 2 1 1 6 8 2 2 2 5 2 4 10 2 1 8 1 2 1 2 1 1 1 5 2 4 2 2 2 5 2 1 1 1 1 1 1 1 1 6 4 1 1 5 2 9 1 1 1 1 1 1 2 2 2 1 4 1 4 1 1 2 2 1 1 10 2 2 1 2 1 1 4 8 2 9 4 2 1 1 2 4 1 2 3 2 1 1 1 5 1 4 3 1 6 1 1 1 5 2 1 1 1 2 1 3 4 5 2 5 1 1 3 4 4 2 2 2 2 1 1 1 2 1 1 1 2 4 2 1 2 1 4 1 4 1 1 1 1 2 2 1 2 1 2 2 1 2 2 2 2 1 1 2 2 1 1 4 1 2 5 2 4 4 4 3 2 1 1 1 1 1 1 1 1 1 1 4 1 1 2 4 2 8 1 2 2 2 2 1 2 9 1 1 2 1 1 2 1 1 1 1 1 1 1 3 2 1 1 1 2 4 6 2 1 1 1 1 1 1 1 2 1 1 1 1 1 1 1 1 1 1 1 1 1 1 1 2 1 1 1 1 6 1 1 2 3 1 1 1 1 1 1 1 3 1 5 1 2 2 2 6 2 1 2 1 5 1 2 1 1 1 2 2 7 1 4 1 1 1 2 2 2 5 5 1 2 1 2 6 1 2 2 2 9 2 6 5 2 2 2 2 1 2 1 1 6 1 2 6 2 5 10 2 2 2 2 2 1 1 1 1 1 1 2 2 2 9 2 1 1 6 6 1 2 6 1 2 1 2 6 2 2 1 2 2 1 1 1 1 6 5 6 6 5 1 2 6 2 1 1 2 4 1 1 1 1 1 1 2 2 1 6 1 1 1 2 2 1 1 9 1 10 4 6 10 1 6 1 2 6 1 6 2 2 1 2 1 1 1 6 1 1 1 1 2 1 1 2 2 1 1 1 1 1 2 10 6 1 1 1 1 2 6 1 2 2 6 2 2 1 4 6 6 2 1 6 1 1 9 1 10 5 6 6 2 1 2 6 2 2 9 2 2 2 2 6 1 1 10 1 1 1 2 1 9 8 1 8 1 1 2 2 2 2 1 5 2 8 1 1 1 2 1 2 2 6 2 1 1 2 1 2 1 10 1 2 1 2 2 2 2 2 1 6 1 6 2 1 1 1 1 6 8 1 2 6 1 1 6 4 6 1 3 8 1 6 2 6 2 2 1 1 3 1 1 1 1 1 2 1 1 6 1 1 2 1 2 6 1 1 2 2 6 1 6 2 1 10 1 2 2 1 2 1 1 1 10 2 1 1 2 2 2 1 2 1 1 1 2 1 1 2 1 1 2 1 6 10 1 1 2 9 5 9 1 9 10 10 2 1 1 2 2 1 2 1 2 6 4 10 2 9 1 10 2 4 6 2 1 1 10 2 2 3 2 1 1 1 6 1 1 2 6 1 1 1 1 1 1 5 1 2 2 1 2 2 2 1 2 1 1 1 2 4 1 1 4 4 1 1 6 1 1 1 1 1 1 5 6 5 1 1 1 1 1 3 1 6 6 7 2 4 7 2 2 9 8 2 1 9 6 3 9 1 5 9 5 2 1 2 2 3 6 5 6 10 5 2 8 1 2 1 1 2 2 1 7 5 10 6 4 1 2 2 2 1 1 2 1 1 1 1 1 6 6 2 1 1 2 2 2 6 1 1 1 1 2 1 1 2 6 2 6 1 1 1 6 2 8 1 1 2 2 3 1 2 1 2 2 2 1 1 2 2 2 2 1 1 2 1 6 1 7 2 1 7 2 2 6 1 1 1 2 1 1 2 2 4 2 2 4 4 5 2 1 3 2 1 1 2 2 1 7 2 2 2 1 1 2 3 2 6 1 1 1 3 1 10 1 2 1 1 1 1 1 2 1 1 3 7 6 1 1 2 7 7 7 2 2 1 2 1 10 1 2 1 2 3 1 1 2 2 10 1 1 2 2 2 2 2 1 3 10 1 1 2 2 2 2 2 1 1 1 1 1 6 6 3 10 5 5 5 8 3 1 5 6 1 2 3 10 1 5 1 3 6 8 6 1 3 1 2 5 2 2 5 1 1 3 1 1 1 7 4 7 4 2 1 5 2 2 1 5 4 1 1 3 1 1 3 1 4 1 1 1 8 1 2 1 1 1 2 2 1 1 1 1 5 1 2 2 1 2 1 2 1 1 1 10 4 1 4 4 1 3 2 2 4 1 1 1 1 4 1 4 5 5 1 1 1 4 2 5 1 5 1 2 1 1 2 1 2 2 1 9 5 2 2 1 1 2 5 1 1 4 1 1 2 6 4 2 2 6 6 1 1 1 2 6 2 1 1 1 1 2 1 1 1 1 1 9 2 1 1 1 2 3 3 9 1 1 10 2 1 9 1 1 2 2 1 1 2 2 1 1 1 1 1 8 1 1 2 1 1 1 1 1 1 1 2 1 5 7 2 1 2 1 1 2 1 2 1 2 2 1 1 6 1 5 1 1 1 1 2 5 1 1 1 1 2 1 2 4 1 1 1 1 5 1 2 4 5 2 8 1 1 1 1 1 2 1 4 2 1 2 1 1 2 9 1 3 1 1 1 1 1 1 2 1 1 9 1 1 1 1 1 1 2 1 1 1 1 1 1 2 1 1 1 2 10 2 2 1 1 4 9 1 2 1 2 1 1 3 2 1 2 2 2 1 1 2 1 1 1 1 1 1 1 2 1 1 1 1 1 4 1 1 2 1 2 2 2 1 2 4 2 1 2 2 1 4 1 2 3 1 1 1 3 2 2 1 1 1 3 1 10 1 1 2 1 8 1 2 1 1 2 2 2 2 1 1 1 1 1 2 1 1 1 1 1 1 2 1 9 2 2 2 1 1 2 3 1 2 1 2 4 1 9 1 1 1 1 2 2 1 4 10 1 2 1 2 1 2 2 1 2 4 1 4 1 1 3 1 10 2 10 3 7 8 3 3 10 7 1 1 2 1 4 7 3 9 3 5 4 1 10 4 6 9 7 5 2 2 2 3 2 6 2 1 3 1 1 2 8 2 1 1 1 2 5 1 2 1 1 7 1 1 2 1 3 1 1 1 2 1 1 6 1 2 1 2 1 1 2 1 1 1 2 2 1 1 3 1 2 10 1 2 1 3 1 2 2 1 1 1 1 1 1 1 2 1 1 6 1 2 1 1 1 1 3 3 1 1 1 1 1 1 7 2 1 1 9 2 1 1 1 1 2 2 1 2 2 1 6 1 3 1 1 2 1 9 2 2 9 2 1 6 2 1 1 2 1 1 1 1 2 1 2 1 1 1 1 2 1 2 2 1 1 2 1 1 1 1 1 8 1 1 10 1 2 2 2 8 6 1 1 1 4 1 1 1 1 1 2 1 1 1 1 1 1 6 3 2 1 3 1 2 2 2 1 1 1 3 1 1 1 1 1 1 1 1 7 1 5 1 2 4 2 3 1 1 1 1 2 1 1 1 7 7 2 3 1 1 3 1 2 7 7 10 7 5 2 1 2 2 2 1 1 3 1 1 1 1 10 1 2 1 1 1 2 4 2 1 2 2 1 3 1 1 2 3 2 2 3 2 2 2 1 2 8 2 1 2 1 1 10 2 2 10 7 1 5 1 1 1 2 5 1 1 1 1 2 2 2 2 1 1 2 2 1 3 1 9 1 1 1 2 2 1 2 10 1 2 1 1 1 4 4 1 2 8 2 2 1 2 4 1 2 2 1 1 2 1 1 1 1 1 2 1 1 8 1 3 1 1 1 2 1 1 1 4 1 2 1 1 1 1 6 2 1 3 2 1 7 7 1 1 1 1 1 1 1 9 1 2 5 3 2 2 1 1 1 3 1 1 2 2 1 1 1 2 1 2 1 2 2 1 1 2 1 1 1 1 8 2 2 2 2 2 8 1 1 1 1 2 1 1 3 1 2 1 1 8 1 7 4 1 2 7 7 1 1 2 1 1 1 2 2 2 10 2 2 1 2 1 1 1 2 1 1 1 2 2 2 1 1 9 1 2 1 2 2 8 2 2 2 2 2 6 2 10 8 2 8 8 1 1 1 1 9 8 3 8 3 9 6 2 4 1 5 7 3 2 7 5 3 6 6 1 2 2 2 2 2 1 8 10 2 1 2 2 2 10 2 2 6 8 8 3 7 2 2 2 1 2 5 2 2 2 7 2 1 4 1 2 2 2 6 6 2 1 6 2 2 2 2 2 6 2 8 6 2 3 1 1 2 6 2 6 6 2 2 3 2 2 2 2 2 5 1 3 2 2 1 2 2 2 2 10 3 6 1 2 4 3 2 2 8 6 6 5 2 9 2 2 2 2 1 1 2 2 6 1 8 1 8 2 2 2 2 1 1 1 1 2 2 6 8 2 2 2 2 7 2 3 2 2 2 2 2 8 3 2 2 2 3 1 1 2 8 7 8 3 2 1 6 2 3 6 2 2 6 2 2 2 4 1 2 1 2 2 3 2 2 2 2 2 1 2 2 2 2 2 2 2 4 1 2 2 9 3 5 5 8 4 5 4 6 6 1 3 3 1 2 5 1 1 1 8 1 1 2 1 1 5 5 1 3 1 2 9 6 1 3 3 9 5 1 3 3 5 6 5 1 6 4 6 1 1 2 4 5 3 1 10 1 3 1 2 1 2 3 8 2 1 9 1 1 1 1 5 1 2 2 9 2 3 3 2 1 1 2 1 1 1 1 1 1 2 3 2 9 5 9 1 2 1 2 1 1 1 1 1 1 2 1 1 1 9 1 2 1 1 1 2 2 7 5 1 1 1 1 2 1 1 1 1 2 1 2 5 1 1 1 1 9 6 2 2 2 1 2 1 1 1 5 1 1 2 1 1 2 2 1 1 1 1 2 2 1 6 1 1 1 2 1 4 1 1 1 2 1 2 1 1 1 1 1 1 1 2 2 9 2 8 2 1 1 1 1 1 1 1 2 6 2 2 8 1 2 2 1 1 3 1 1 1 1 2 1 1 1 2 1 1 2 1 1 2 1 1 2 1 1 1 2 1 1 1 1 1 1 1 4 1 1 1 1 2 2 2 1 2 1 2 1 2 9 2 7 4 2 2 1 2 1 1 2 1 1 1 1 3 1 2 2 2 1 2 1 8 3 1 2 3 6 2 2 3 1 1 2 2 2 1 1 2 1 2 1 2 1 1 1 1 10 1 1 1 4 4 3 1 4 2 2 5 3 1 3 2 4 1 8 2 2 1 8 10 2 1 1 2 1 10 1 1 2 1 4 1 1 5 1 1 1 1 9 1 1 9 1 1 1 1 1 2 1 4 4 9 1 1 1 2 1 1 1 1 2 2 2 1 2 1 4 1 2 1 2 2 2 1 5 4 3 1 1 1 1 2 2 1 1 1 1 1 1 10 1 2 2 1 1 2 1 1 1 1 1 1 2 1 2 1 2 2 2 4 1 2 1 1 1 3 2 1 1 1 4 1 1 10 1 1 2 1 2 2 2 1 1 1 1 5 2 1 2 1 1 2 1 1 2 1 8 1 1 3 1 1 2 3 1 2 1 8 1 1 10 1 1 1 1 1 2 2 1 1 1 3 2 1 2 1 1 1 1 1 1 1 1 3 1 1 1 1 1 1 1 2 2 1 2 6 2 1 2 1 1 2 1 3 3 1 2 1 1 1 1 3 1 2 6 1 1 3 1 6 1 6 1 1 3 2 3 2 1 3 1 1 2 4 3 6 6 7 2 1 2 1 1 6 2 1 1 4 2 4 7 7 1 2 7 1 1 3 7 7 7 2 2 7 1 1 4 1 3 1 1 1 3 3 2 1 1 3 1 2 3 2 2 3 4 9 3 10 3 2 2 3 1 1 1 2 8 1 2 2 9 4 4 4 1 8 1 1 1 4 6 1 3 2 1 3 3 2 5 2 7 1 3 2 1 1 1 4 1 5 1 1 2 8 8 2 8 3 1 1 2 1 1 1 2 1 2 6 1 5 2 1 2 1 1 1 1 2 1 8 1 10 1 1 1 1 1 1 1 2 1 1 1 1 1 2 2 5 1 2 1 2 1 1 1 1 5 1 3 8 4 1 2 1 8 3 2 3 6 2 2 2 3 2 1 2 2 9 8 1 1 1 4 2 2 2 1 1 2 1 1 6 7 1 2 1 2 7 1 2 1 2 1 2 2 1 2 2 9 2 2 1 1 2 2 2 3 4 1 1 1 1 1 2 10 1 1 1 1 3 2 1 1 1 2 1 1 2 1 1 2 1 1 1 1 1 4 1 7 1 7 1 1 5 1 1 1 2 1 1 2 2 2 1 1 1 1 1 1 1 2 1 2 1 2 1 2 1 3 2 2 1 2 3 3 1 2 3 3 1 6 1 1 10 1 2 4 8 4 2 3 3 1 3 1 9 5 2 8 5 1 5 8 5 2 7 1 1 2 9 1 4 1 5 2 1 2 6 4 6 1 3 1 7 7 1 1 3 5 3 2 3 4 1 4 1 3 1 2 2 2 4 1 2 2 1 1 1 2 1 1 1 2 2 1 2 1 1 1 1 1 1 2 2 1 1 1 1 2 1 8 2 2 10 2 1 1 2 1 1 1 2 1 2 1 2 1 1 1 2 1 1 1 5 2 1 1 4 2 4 1 2 1 1 1 1 5 2 2 1 1 2 1 1 2 5 1 1 1 1 1 1 1 1 3 1 5 1 1 1 2 2 1 1 2 1 1 1 2 1 1 1 1 2 2 2 1 10 1 1 1 4 2 1 1 1 1 1 1 4 8 2 1 1 1 2 4 4 2 1 2 2 1 2 1 1 1 2 1 1 2 1 1 1 1 1 1 1 1 1 1 1 1 1 2 4 1 1 1 1 1 1 1 1 1 1 1 2 1 1 1 1 2 1 1 1 1 2 2 1 1 1 1 1 1 2 2 2 1 10 1 1 1 1 1 2 2 2 1 1 1 2 1 1 1 2 1 2 1 1 2 2 2 1 2 2 2 2 1 1 1 1 1 4 2 1 1 1 2 4 1 1 1 2 2 1 1 2 1 1 4 1 1 1 1 1 2 1 1 1 1 2 8 1 1 2 2 1 1 1 1 1 1 2 2 4 2 2 2 2 1 2 2 7 1 2 3 7 7 7 2 4 5 1 8 5 1 9 4 2 5 8 2 2 2 2 1 4 1 2 8 2 1 2 5 1 4 5 2 1 1 1 1 2 2 1 1 1 1 1 2 1 2 1 5 2 2 2 1 1 4 2 1 4 1 1 1 1 4 2 2 1 2 1 1 2 1 1 1 5 2 1 1 1 1 1 1 2 3 2 2 2 1 2 1 1 1 1 1 1 1 1 1 2 2 3 2 2 2 2 1 1 1 2 5 1 2 3 1 2 6 2 2 1 2 2 2 1 1 1 1 3 1 1 3 2 2 1 2 3 1 1 1 2 5 1 1 1 1 1 1 2 3 3 1 3 3 1 1 1 6 3 6 1 2 1 3 1 1 1 2 1 2 3 1 1 1 3 1 2 1 1 1 2 1 1 2 2 1 1 1 1 1 1 1 1 1 1 2 1 1 1 1 3 1 1 1 1 2 2 2 1 1 2 1 1 1 1 3 1 1 1 1 3 1 1 1 1 1 1 1 2 1 1 1 2 1 1 2 2 1 2 1 3 1 6 6 1 1 1 1 2 6 6 6 6 2 6 1 2 1 2 5 6 1 2 2 3 1 1 2 2 2 3 2 1 2 8 1 1 1 2 2 2 5 1 2 4 6 1 1 1 1 1 1 1 1 2 1 1 1 2 1 1 1 2 1 1 6 9 1 9 2 1 1 1 2 2 2 1 1 2 1 1 1 1 1 1 2 1 1 1 1 1 1 1 2 1 1 1 1 1 2 2 1 1 8 1 1 1 1 1 2 1 2 1 1 1 1 5 1 3 1 1 1 1 1 1 1 1 10 1 3 1 1 2 1 1 1 1 2 7 1 1 1 2 10 1 1 2 2 1 1 1 1 2 2 9 2 1 2 2 1 1 1 1 1 1 2 1 1 1 2 1 1 1 1 1 2 2 2 1 2 1 1 2 1 2 1 1 2 1 1 8 4 2 1 1 2 1 1 1 2 1 1 1 1 1 1 1 1 1 3 1 1 1 4 1 1 1 1 6 1 2 8 1 1 1 1 1 1 1 1 1 1 1 1 2 2 2 1 3 1 1 1 2 1 1 1 2 2 1 2 2 1 1 2 1 2 2 2 2 1 1 1 1 1 9 1 2 2 1 2 1 1 2 2 2 1 1 1 1 1 1 1 1 4 2 1 2 2 1 1 1 1 2 2 2 2 1 1 1 1 2 1 10 3 2 1 1 6 4 2 2 1 2 1 9 9 8 2 1 4 2 1 2 4 1 7 1 4 1 5 1 1 3 9 1 1 1 1 1 7 1 7 1 4 7 7 1 5 5 7 2 2 3 2 2 2 1 1 2 1 2 1 1 1 1 2 1 3 2 1 1 1 1 1 1 1 1 1 5 1 1 4 2 2 1 2 1 3 1 5 1 10 1 1 2 2 2 1 1 8 2 1 1 10 1 2 1 1 4 2 1 2 1 10 1 1 2 1 1 1 1 1 2 4 1 1 1 1 1 1 1 8 2 5 1 1 1 1 1 2 1 2 2 1 1 2 1 2 2 1 1 2 2 1 2 1 1 2 1 1 1 1 1 1 1 1 1 1 1 1 3 2 1 1 2 9 1 6 5 2 1 2 2 1 6 1 1 2 1 1 1 2 1 1 1 1 2 2 1 1 2 2 2 2 3 1 1 2 2 1 1 10 2 1 1 1 1 2 1 1 2 5 1 1 1 10 2 2 1 1 7 7 7 1 7 7 1 7 5 1 1 2 7 1 1 1 1 1 1 1 2 2 1 1 1 2 1 1 1 2 2 1 1 2 1 4 2 1 2 1 2 1 1 2 1 2 1 3 2 1 10 8 9 2 1 1 9 9 1 1 1 1 1 1 4 3 3 4 8 2 10 1 1 2 7 7 2 1 6 5 9 2 2 1 1 2 2 7 4 2 2 2 1 3 2 1 1 1 2 1 4 1 2 1 2 6 3 2 2 8 4 2 1 2 1 2 5 2 2 2 1 7 1 2 2 2 1 1 3 1 1 1 2 1 1 2 7 1 2 1 1 5 2 1 1 1 1 1 2 1 1 1 2 1 1 1 2 1 1 1 1 1 2 2 1 1 1 1 1 1 1 2 1 7 1 4 2 1 1 1 1 2 2 2 1 2 2 2 1 7 1 4 1 7 1 2 2 2 2 2 7 2 2 1 2 2 1 1 1 1 2 1 1 1 1 2 1 1 1 1 2 1 1 1 2 1 1 1 2 1 2 1 2 1 2 1 1 1 1 1 1 1 1 1 1 1 1 10 2 1 1 2 2 2 2 1 1 1 4 3 2 1 1 1 1 2 2 2 1 2 1 1 1 5 1 1 1 1 1 8 2 2 2 2 2 2 2 1 7 1 1 2 1 7 2 2 1 1 1 2 2 1 2 7 1 1 2 1 1 2 1 1 3 1 1 2 2 1 2 1 1 1 4 1 1 1 1 2 4 1 1 1 1 1 5 3 5 4 2 1 3 2 1 1 5 7 4 6 10 4 8 1 2 3 1 2 1 2 2 3 3 6 4 4 4 1 3 1 1 3 1 1 9 1 1 10 8 4 5 1 2 2 2 3 4 8 2 1 1 2 1 2 1 2 2 1 1 1 5 1 4 4 1 8 4 1 1 2 1 2 1 2 1 1 1 1 2 1 1 2 1 1 1 2 1 1 1 2 1 7 1 5 9 5 1 1 1 1 1 1 1 2 1 1 1 1 1 1 6 1 3 1 2 2 2 2 2 2 1 1 2 2 1 2 2 1 2 1 7 1 1 2 1 2 6 3 3 2 1 1 10 1 1 1 2 2 2 2 2 1 2 2 2 1 1 1 1 1 1 1 2 2 1 3 1 1 1 1 1 1 1 2 1 1 3 2 2 1 2 1 1 1 2 2 1 2 1 2 2 1 1 1 1 1 2 1 1 1 2 1 1 2 2 1 2 1 3 4 1 1 2 1 1 5 1 2 1 8 2 2 1 5 1 1 1 1 5 5 5 1 4 1 3 4 1 4 5 3 5 4 1 1 3 1 1 1 2 1 2 2 1 3 4 2 5 1 4 7 4 5 1 1 1 9 1 4 1 1 5 6 6 5 1 9 9 2 8 2 2 2 4 8 1 1 2 1 1 2 2 1 2 1 1 4 5 3 2 1 1 1 2 1 1 1 1 1 1 4 2 10 1 3 2 2 5 1 3 1 1 2 1 2 2 2 1 1 1 1 1 1 1 5 1 1 6 1 1 1 1 2 2 2 1 1 2 3 2 1 5 1 2 2 2 1 1 1 1 1 1 1 1 1 1 1 2 1 1 1 1 1 1 10 1 2 1 2 4 1 3 1 2 2 2 1 1 1 2 1 4 1 2 2 1 2 6 1 2 1 1 1 1 1 2 1 2 1 1 4 5 1 1 2 1 6 1 1 2 1 2 1 1 6 1 6 2 6 4 2 2 2 1 5 1 3 2 1 2 1 2 1 2 2 1 1 4 1 1 2 2 3 1 2 2 9 1 1 1 2 4 2 2 2 2 1 1 2 1 2 1 7 2 2 1 1 1 1 1 9 1 5 5 5 4 6 1 1 2 5 2 3 2 1 1 1 1 9 5 4 2 1 1 7 3 1 1 4 1 1 1 4 7 1 1 1 9 3 2 5 5 1 1 1 2 1 1 2 1 1 1 2 4 1 1 2 2 4 1 2 3 1 2 2 1 1 2 10 1 1 1 1 1 1 1 1 2 1 3 1 2 1 2 1 2 3 2 5 1 3 1 2 9 9 1 4 1 1 1 8 4 1 2 2 1 1 2 1 1 1 1 2 1 2 1 8 9 1 1 8 2 2 1 2 1 1 1 1 1 9 1 2 1 1 1 1 2 2 9 2 9 1 7 7 1 1 1 2 2 2 1 1 4 1 1 2 1 1 1 1 1 2 2 2 2 1 1 1 2 1 3 3 2 1 1 2 2 8 1 1 1 8 1 1 2 1 1 4 2 2 7 1 1 1 2 2 1 4 1 1 2 3 1 1 4 5 5 2 2 1 2 1 1 1 1 2 1 1 2 1 1 2 1 2 1 1 1 1 1 1 2 1 1 1 2 1 1 2 2 4 4 8 1 1 2 2 1 1 1 1 1 2 1 2 4 2 2 2 2 2 1 2 2 1 1 10 4 2 2 1 3 6 2 1 1 10 5 1 5 5 8 4 5 7 4 1 1 1 4 5 1 5 1 2 2 1 6 1 2 1 2 1 5 9 4 7 5 2 1 1 1 4 5 4 10 1 2 2 5 5 4 5 1 1 1 2 1 1 2 1 1 2 2 1 1 1 2 1 1 1 6 2 4 2 2 5 5 5 2 1 1 1 2 1 1 2 1 1 1 5 1 2 2 1 1 1 1 1 8 1 4 1 2 2 5 2 2 1 2 2 1 1 1 1 1 1 9 2 6 1 1 2 5 1 1 1 1 1 1 1 1 2 1 5 2 2 2 1 1 2 1 6 1 1 1 1,3909 2285 365 312 298 257 145 143 122 112,3909 2285 365 312 298 257 145 143 122 112,142.91449219999777,0.3109637646318449,0.1514315762307631,0.1544968478113799,0.0993410330681832
sst5,8503,5,1 4 1 3 3 5 4 2 4 3 1 4 5 3 3 4 2 2 5 2 5 2 2 5 2 3 2 4 2 2 3 1 4 2 2 1 1 5 2 4 5 2 2 5 5 5 2 3 4 2 5 2 4 4 1 2 2 4 4 3 4 1 2 3 2 4 2 3 5 2 4 4 4 4 3 2 5 1 2 4 2 1 3 1 5 3 1 4 3 3 5 3 2 3 2 3 2 2 3 4 3 4 2 3 4 4 4 4 5 2 5 3 3 4 3 4 2 5 4 4 1 5 4 5 2 4 2 4 2 3 2 4 1 4 2 4 5 1 3 2 5 4 5 2 1 1 2 5 3 3 4 5 5 4 4 4 3 2 5 1 3 4 4 4 4 2 5 4 2 2 3 2 2 3 2 4 5 5 5 2 4 4 2 3 5 4 3 3 4 2 4 5 1 4 5 2 2 2 1 4 3 2 4 1 2 4 5 4 5 3 4 5 2 4 5 5 5 4 3 2 2 4 5 1 4 2 2 5 1 4 4 3 3 3 2 5 3 1 5 3 2 5 2 3 1 3 4 2 4 3 2 1 2 1 4 2 1 2 2 3 4 3 1 5 3 4 1 2 3 3 4 4 2 4 4 5 4 3 2 2 5 2 3 3 3 2 3 3 4 2 2 3 4 1 3 5 5 4 2 3 5 3 3 5 5 4 2 2 2 3 1 4 4 1 5 5 4 3 2 1 2 4 4 5 4 4 2 1 2 2 2 5 1 4 3 4 2 3 3 2 4 4 2 4 3 3 4 2 3 3 3 3 2 2 1 4 4 4 4 5 5 5 4 2 2 3 5 2 2 5 1 2 3 3 4 3 4 4 2 4 4 1 2 1 3 4 2 2 5 4 3 2 3 4 4 4 4 2 4 2 4 1 4 2 5 3 2 2 3 5 4 5 2 4 2 3 4 4 2 3 2 2 5 2 2 2 2 1 4 2 2 3 3 4 2 1 5 4 1 3 4 5 2 3 2 4 4 2 4 3 1 1 1 2 4 4 1 5 3 2 2 5 2 4 3 2 1 1 3 2 3 4 3 2 1 3 4 1 2 2 2 3 3 5 1 1 3 2 3 4 3 1 3 4 2 5 4 4 3 2 2 2 4 2 4 3 5 2 4 5 1 3 4 1 2 1 1 3 2 2 1 1 4 4 1 3 2 4 4 3 4 2 1 4 1 2 4 2 3 4 1 2 2 5 3 2 5 3 5 2 2 5 3 3 4 2 2 2 2 3 2 4 5 4 2 2 2 2 2 3 5 5 4 2 3 2 2 4 3 3 3 5 2 3 3 1 3 4 4 4 1 4 5 4 3 4 4 1 4 5 1 2 1 5 2 4 2 3 2 3 4 2 5 1 2 3 3 5 3 4 3 5 3 5 3 1 4 2 4 2 3 5 1 2 2 3 4 2 5 2 2 4 2 3 4 1 5 4 4 1 2 2 5 1 3 4 3 2 4 1 1 1 5 4 5 5 4 4 2 2 1 4 5 2 2 2 3 5 2 3 2 4 2 4 3 4 2 1 3 5 4 4 5 4 2 5 4 1 2 3 2 4 4 5 1 2 5 4 5 4 4 1 2 5 4 1 5 2 4 2 3 3 4 2 4 2 2 3 3 5 1 2 4 3 5 2 4 4 2 4 5 5 2 4 2 4 5 4 3 3 3 5 5 1 3 2 2 5 2 3 1 4 4 2 4 4 2 2 4 4 3 4 3 5 1 3 2 5 5 1 4 3 5 3 4 2 4 4 5 2 5 2 2 4 4 3 1 3 2 4 4 4 2 4 5 3 5 5 4 4 2 1 4 4 1 3 3 5 4 5 3 4 3 4 3 2 1 5 4 1 4 4 2 2 2 2 4 2 5 1 4 1 4 2 2 4 3 3 2 4 1 3 2 1 4 3 2 3 1 2 3 2 4 5 2 4 4 1 4 4 2 2 2 3 2 1 1 5 4 2 3 3 5 4 2 5 4 1 1 4 2 2 1 1 4 3 1 2 5 3 4 5 1 4 4 3 1 2 5 1 4 4 2 3 4 5 5 4 2 3 4 2 5 4 3 3 4 3 4 1 5 2 4 2 5 1 1 3 3 2 1 1 2 4 4 4 2 4 5 1 2 2 3 5 3 5 4 4 4 2 1 1 3 3 3 4 4 2 5 5 1 3 3 5 1 1 1 4 5 3 5 3 2 3 1 2 3 3 4 1 1 2 5 2 2 1 4 3 2 2 5 1 4 4 5 2 1 5 4 3 2 4 4 3 4 3 4 2 4 5 3 3 1 5 3 4 1 5 2 4 3 4 2 2 5 5 5 3 3 5 2 3 2 3 4 1 4 5 1 2 5 1 1 5 5 2 4 5 3 1 5 4 5 2 2 4 5 3 3 3 5 2 3 4 4 3 5 2 5 2 3 2 4 2 3 3 1 4 5 2 2 4 3 2 4 5 2 2 2 2 1 2 3 3 2 3 2 4 3 3 5 4 2 4 1 2 4 4 1 3 5 4 4 4 4 5 2 1 3 5 2 1 1 1 3 3 2 1 5 4 3 2 3 1 2 1 2 5 4 4 2 4 4 4 3 3 4 3 4 4 1 1 4 3 5 2 2 2 2 2 3 2 2 1 2 1 4 3 3 2 3 2 4 1 2 2 1 4 4 3 1 3 3 5 2 4 3 3 2 5 4 3 1 3 3 2 3 3 4 4 5 4 5 3 5 2 1 3 5 2 3 2 2 3 2 2 3 4 4 2 3 4 2 3 1 2 4 2 5 4 1 4 5 2 1 5 5 3 2 5 5 5 3 3 4 2 5 2 2 2 5 2 4 1 2 3 2 2 3 4 3 3 1 4 1 2 5 2 2 4 3 1 4 3 2 1 5 5 3 3 2 1 4 1 4 5 2 3 5 5 1 3 3 5 3 2 5 1 2 3 3 4 2 3 4 2 4 3 4 4 4 5 5 1 2 4 2 2 4 1 4 5 1 2 2 4 5 3 4 3 5 5 1 2 3 2 2 4 2 5 4 4 3 4 2 2 1 5 3 4 5 5 5 2 4 5 2 5 2 4 1 2 4 4 5 2 1 5 1 3 5 4 1 5 3 2 2 4 3 5 4 5 4 2 4 2 1 1 1 2 5 5 4 2 5 4 4 3 4 1 3 2 5 2 4 5 4 2 3 4 5 3 3 4 5 4 1 2 5 1 4 2 2 2 3 2 4 2 4 2 2 2 4 4 4 4 4 1 1 4 5 4 5 1 5 2 5 2 2 4 1 4 5 1 5 4 3 3 1 2 4 3 2 4 5 5 2 1 3 2 4 4 4 4 1 4 3 3 2 4 4 5 2 4 2 2 2 2 4 3 2 2 3 5 2 2 1 4 5 4 1 4 2 4 4 4 4 2 2 4 4 5 4 4 2 3 2 4 2 3 4 2 2 2 2 4 3 2 5 1 1 4 3 3 2 2 2 5 4 1 3 2 1 4 2 2 5 4 3 5 4 2 3 3 2 4 3 2 2 4 4 3 1 4 4 2 1 5 4 5 2 4 5 4 2 2 1 2 3 2 2 3 2 2 4 2 5 5 4 4 1 4 2 4 4 4 4 3 4 4 4 3 1 3 2 4 3 2 4 1 4 5 5 5 3 3 4 2 4 2 5 3 3 1 1 1 4 4 5 5 1 2 4 2 2 4 4 4 2 3 2 2 4 2 2 2 3 4 4 4 5 1 3 4 2 3 2 2 4 4 2 3 2 2 2 4 1 3 4 2 1 2 1 1 3 2 3 1 1 5 4 1 4 3 3 5 2 3 5 4 3 4 3 2 5 3 2 3 2 5 4 5 3 3 1 1 3 2 2 3 4 2 1 2 1 1 5 4 4 3 4 2 2 4 2 3 4 4 5 4 4 2 1 1 5 2 5 3 4 3 3 1 5 3 4 3 3 3 3 2 4 3 1 4 2 5 5 4 5 4 3 1 2 4 2 5 3 4 2 2 3 3 2 4 3 2 4 5 2 2 4 5 2 4 3 3 5 2 4 1 4 4 4 4 2 2 2 4 2 3 3 2 2 4 2 5 3 1 2 4 2 2 2 5 3 1 4 4 3 5 4 5 4 1 1 3 5 4 1 5 3 5 4 3 2 4 2 4 2 1 5 1 1 2 3 5 2 2 4 5 4 1 2 3 4 2 5 4 1 2 3 4 3 4 2 4 2 2 4 1 3 5 2 3 5 3 4 2 1 2 3 3 2 5 2 4 2 5 5 4 2 2 5 2 3 3 2 2 4 4 2 2 5 2 4 3 3 4 4 1 2 5 1 4 4 2 4 1 5 4 2 1 2 3 1 2 4 1 3 5 5 2 5 1 4 3 4 2 1 5 1 4 4 3 2 2 4 4 4 2 1 2 4 1 4 1 2 3 4 3 4 4 5 3 5 4 5 2 3 3 1 3 1 5 5 4 5 3 2 4 2 2 5 2 1 4 4 4 2 2 3 5 2 5 4 2 3 3 1 1 4 4 1 4 3 2 2 1 2 2 4 2 1 4 4 2 4 2 1 2 4 1 4 5 2 2 2 1 4 2 2 3 4 4 3 4 5 3 5 4 5 3 1 4 5 4 3 4 4 2 1 3 4 2 4 5 2 1 4 2 4 5 4 3 4 2 2 5 2 5 4 2 4 2 5 4 4 2 5 4 2 5 2 5 3 1 4 2 4 2 5 2 3 2 3 3 4 4 5 1 4 1 4 4 2 1 5 5 3 2 1 2 4 4 1 4 4 2 2 1 4 2 5 2 3 4 4 1 1 1 3 5 3 2 5 2 5 5 2 1 3 2 4 3 4 3 4 3 2 5 3 5 2 1 1 1 4 3 4 1 4 1 5 2 5 5 4 3 5 5 5 3 4 1 2 4 3 4 4 4 2 5 4 5 4 2 2 5 2 2 4 5 2 5 4 5 5 2 4 5 5 2 5 2 5 5 2 4 1 1 1 2 2 1 1 2 4 4 2 4 2 3 5 4 5 1 2 3 1 5 2 4 5 4 4 2 4 2 4 2 5 3 2 3 2 5 5 5 2 1 5 4 5 2 1 1 3 2 5 5 1 2 4 2 4 4 3 3 4 3 3 1 5 2 2 4 3 1 5 2 2 3 2 2 4 2 4 2 3 4 1 1 2 4 2 5 4 5 2 1 2 4 3 3 2 3 5 3 3 5 1 1 1 1 3 3 3 4 4 3 4 2 3 2 3 5 1 3 2 2 4 2 2 2 5 3 2 5 2 4 5 5 3 2 4 4 1 4 5 1 1 2 3 2 2 2 3 2 4 4 1 3 4 2 4 5 2 1 3 5 3 3 2 5 2 2 3 2 5 4 4 4 5 4 4 3 5 2 2 5 1 5 4 2 3 5 2 4 2 4 1 2 5 4 4 4 4 3 4 2 3 1 5 1 1 3 4 4 4 4 1 5 5 3 3 3 1 5 2 5 2 3 3 2 5 2 5 5 2 5 1 2 3 4 4 5 4 4 4 4 5 4 4 4 5 3 1 1 3 3 5 5 3 4 3 3 3 2 4 4 4 3 3 4 5 4 1 4 4 2 4 3 5 1 2 4 2 2 2 3 4 1 2 3 2 2 5 2 5 4 2 2 1 5 1 1 5 5 2 2 5 2 4 2 5 4 1 2 1 4 4 2 2 2 2 4 4 2 3 4 4 2 3 2 2 4 3 3 2 2 2 5 3 3 1 1 5 1 4 3 1 4 2 2 3 5 4 3 5 1 5 2 2 2 1 3 1 2 3 2 2 1 4 3 5 2 5 4 3 2 3 5 3 2 2 1 5 4 5 4 3 2 5 4 3 1 5 1 4 2 5 2 2 5 5 4 4 2 2 5 1 1 2 1 5 2 2 2 3 5 4 5 5 1 4 4 2 2 4 2 3 2 3 2 2 4 2 1 4 4 5 2 4 4 2 1 2 4 5 4 2 1 5 2 4 2 2 4 2 4 3 3 4 4 2 2 5 2 5 3 4 1 3 3 5 2 1 3 4 4 2 5 2 5 4 2 2 3 1 1 4 3 4 5 4 4 1 2 2 4 4 4 4 1 1 5 2 2 3 4 3 2 5 5 4 2 1 5 5 1 1 5 2 3 3 5 4 4 3 4 2 2 3 5 3 5 3 5 3 2 2 4 5 4 5 2 1 2 1 5 1 2 4 4 3 5 1 2 1 5 1 2 4 2 5 4 4 5 2 4 3 2 2 3 4 2 1 4 2 3 1 1 4 3 5 5 3 4 1 2 3 4 2 3 1 1 2 4 2 3 3 5 4 3 1 3 4 1 5 5 2 3 4 3 4 4 4 4 2 2 3 2 3 2 5 1 2 5 1 1 2 4 2 1 4 2 4 4 2 3 1 4 4 2 2 4 1 5 4 3 4 5 5 2 1 4 2 5 4 2 3 4 2 1 4 4 4 3 3 3 5 4 4 2 4 4 2 4 2 4 5 4 5 4 2 5 4 3 2 4 5 4 3 2 5 4 4 4 4 2 4 5 4 4 4 2 4 3 2 4 1 2 3 2 1 2 5 5 2 2 2 4 1 1 4 2 3 4 4 1 3 4 2 2 2 4 2 4 3 3 4 1 1 4 4 1 4 5 4 3 2 5 3 2 1 5 4 2 4 2 3 3 4 3 3 1 2 4 4 5 4 2 4 1 5 1 2 5 5 5 3 2 4 5 4 3 3 4 4 4 2 3 3 1 2 4 4 3 4 4 3 2 2 2 5 5 5 2 4 4 3 3 2 2 5 5 4 5 1 1 4 2 3 4 2 3 2 4 4 2 3 3 2 4 5 4 3 2 1 3 2 4 5 2 5 4 3 4 4 5 4 3 1 1 4 4 1 4 2 3 2 4 3 4 2 3 2 2 4 2 2 2 4 5 3 5 2 2 4 3 3 5 5 4 4 5 1 3 3 2 2 4 2 2 2 3 3 4 4 2 4 4 1 5 4 1 1 5 5 3 5 5 4 4 4 3 2 1 4 3 3 4 2 1 5 4 1 3 2 1 1 2 5 5 1 3 5 5 5 4 2 1 3 2 4 3 4 2 2 2 5 4 5 2 4 4 4 4 2 4 1 4 1 5 2 2 1 2 2 4 3 5 2 4 4 1 1 1 3 3 2 4 4 3 3 5 2 4 2 5 2 3 2 2 5 2 5 2 2 2 2 4 4 5 4 2 3 3 4 5 3 1 3 3 2 2 2 2 2 2 5 2 1 4 3 1 3 3 3 2 2 4 4 3 3 2 4 3 5 5 1 1 4 5 4 5 4 5 3 2 5 3 3 3 2 4 3 3 4 2 4 4 1 4 2 4 2 3 2 3 2 2 2 3 1 2 3 5 4 3 3 1 1 2 2 3 4 4 5 2 2 1 4 1 4 4 2 5 1 3 3 4 4 4 1 4 2 3 5 4 5 4 2 1 4 4 2 2 5 4 3 2 2 5 2 4 5 5 2 5 4 5 2 5 1 5 2 3 4 2 3 2 2 4 5 5 2 5 5 4 3 3 4 2 3 4 5 2 3 5 3 4 3 3 3 3 4 2 5 4 2 1 4 3 2 2 4 1 5 2 4 2 3 2 5 4 5 5 1 2 2 4 5 4 1 3 2 3 2 5 2 5 2 2 5 1 4 5 3 2 4 3 4 2 2 2 4 4 5 3 2 3 4 1 4 5 5 3 2 1 1 4 2 4 3 4 5 2 2 5 5 5 4 5 5 4 4 5 5 3 5 1 4 5 4 2 4 2 2 3 3 5 3 2 2 2 3 4 1 5 3 1 4 1 3 1 3 3 3 5 2 2 1 4 3 3 2 4 2 2 4 2 4 3 2 4 2 3 5 4 1 4 1 4 2 1 4 5 4 4 4 5 3 2 2 3 1 2 3 2 3 2 4 5 3 2 4 4 5 1 5 3 4 2 4 4 5 3 2 3 3 2 2 3 5 3 3 5 2 5 2 1 2 5 3 3 4 1 2 4 2 1 2 4 4 5 4 4 3 5 4 5 2 4 3 3 4 5 4 1 1 1 4 3 3 3 2 3 5 1 4 2 3 3 5 1 5 4 2 3 5 5 3 3 4 4 4 2 1 1 4 4 2 1 1 4 4 5 2 4 4 4 3 3 1 3 2 2 3 2 4 4 1 3 3 4 1 2 2 2 2 4 3 3 1 4 5 5 2 5 2 3 5 3 1 4 1 4 3 4 5 3 2 3 3 2 3 1 2 4 2 3 1 2 4 4 3 2 4 3 5 1 2 4 1 4 5 1 5 3 4 4 4 3 1 4 3 5 4 2 2 4 3 3 2 1 4 2 4 1 2 2 5 1 3 3 5 2 5 2 5 3 5 1 2 2 4 2 4 4 3 1 1 4 4 5 2 2 2 5 4 4 3 5 3 2 5 4 3 3 5 2 2 3 1 4 2 2 3 2 2 4 2 1 4 2 3 4 3 1 3 4 4 5 4 5 1 4 2 5 3 1 2 1 5 2 5 5 4 3 2 5 4 2 1 3 2 4 5 4 3 3 2 5 4 1 4 4 3 4 3 2 5 3 5 4 3 5 3 1 4 2 1 3 5 5 1 3 2 1 5 2 3 2 5 5 2 3 2 1 3 4 4 4 4 4 1 4 2 5 3 4 4 3 2 3 1 5 2 2 4 5 5 3 4 2 2 3 3 2 3 4 5 4 4 5 4 4 4 5 1 4 1 2 3 2 5 2 3 5 2 4 5 4 1 5 4 3 2 4 1 3 1 4 3 2 2 5 2 3 4 4 4 3 3 1 4 5 1 2 3 2 4 4 5 2 2 4 4 3 3 4 4 3 2 3 2 1 1 3 1 5 3 5 2 4 3 5 1 2 4 2 4 2 2 5 5 3 3 4 4 2 4 3 2 3 1 2 4 2 2 3 4 5 5 5 5 3 3 5 3 3 2 4 1 3 3 3 3 4 4 4 4 2 1 4 1 2 4 1 2 1 2 4 4 2 1 2 3 1 1 5 3 4 3 5 5 4 3 4 5 4 5 5 2 3 2 3 3 4 4 2 3 2 1 2 3 1 3 5 1 2 2 5 4 4 4 4 4 1 2 3 1 2 5 3 5 5 3 2 5 2 2 5 1 3 5 4 2 4 4 4 4 2 5 2 3 1 4 3 1 2 3 4 1 1 4 4 2 4 3 3 3 5 3 4 4 2 4 4 2 4 2 3 4 4 1 4 2 4 1 4 5 4 1 3 2 4 2 2 1 1 4 1 4 2 1 3 2 3 3 1 3 4 5 3 4 3 4 2 1 5 4 1 1 3 1 4 4 1 4 4 1 5 4 3 4 4 2 2 2 4 4 3 3 3 2 2 4 4 2 4 2 2 5 5 2 2 5 4 4 5 5 2 3 4 2 2 4 3 2 4 4 4 5 4 3 2 3 3 2 2 3 2 2 3 5 3 3 3 3 4 1 1 3 4 2 1 4 2 4 2 5 3 4 2 5 1 5 1 2 5 5 4 1 3 5 3 5 2 4 4 5 4 5 4 4 3 2 5 1 1 2 4 3 4 4 2 4 2 4 3 5 1 4 2 1 4 2 4 3 5 4 4 4 1 5 3 2 4 3 5 3 4 2 4 2 5 5 4 4 4 4 2 3 3 2 4 3 2 2 2 5 4 4 3 2 2 4 5 3 4 5 4 5 3 4 3 5 3 3 4 3 3 2 5 4 4 2 1 2 1 1 1 3 5 4 3 2 1 3 4 1 3 2 3 4 2 4 5 3 5 3 2 2 3 3 3 4 3 4 5 1 1 4 5 2 4 1 1 2 5 4 4 3 2 5 2 4 1 4 3 4 4 3 1 4 3 4 3 4 4 1 2 4 3 5 3 2 3 4 4 2 2 4 2 2 2 4 3 3 3 3 2 5 4 4 1 1 4 1 1 4 5 4 1 2 4 4 2 2 4 3 4 2 2 2 2 5 3 2 2 2 2 3 4 2 3 4 3 2 2 3 4 2 2 2 2 5 4 4 4 4 5 3 4 4 4 1 2 2 3 4 4 4 2 4 1 2 4 1 2 3 1 1 1 2 1 5 2 3 4 2 2 2 2 3 2 3 4 4 2 5 2 3 4 5 4 5 4 2 2 4 3 2 4 5 2 4 2 4 2 2 3 4 2 2 2 4 1 5 1 2 2 2 1 1 3 4 5 2 2 5 1 3 2 4 4 3 3 2 3 2 2 3 2 3 5 3 4 4 4 1 5 4 4 4 3 4 5 3 3 2 2 5 1 5 4 3 3 3 1 2 2 2 2 5 3 3 4 5 5 4 3 4 1 3 2 2 4 2 4 1 4 2 5 1 3 2 4 3 2 2 2 3 2 4 5 5 1 1 4 4 1 4 5 2 2 1 4 5 5 2 4 4 1 2 2 1 5 4 2 4 2 5 2 5 5 2 2 4 2 3 4 1 4 2 4 5 1 4 5 2 5 5 2 4 4 2 3 2 2 2 5 4 4 4 4 5 2 1 4 5 4 4 3 4 4 4 1 2 4 2 4 5 4 3 2 5 5 5 4 1 1 4 3 4 4 3 4 4 5 2 4 5 3 3 3 5 4 5 2 2 4 5 5 2 2 4 2 4 4 5 4 2 5 2 4 4 4 3 3 2 3 3 3 1 1 2 1 2 2 4 3 4 5 4 3 5 3 3 3 2 3 3 3 3 4 4 4 3 4 1 1 5 2 2 2 2 5 2 2 3 2 1 2 5 5 3 5 2 4 4 3 4 4 4 4 2 3 4 5 3 1 1 2 4 1 2 3 5 4 5 4 3 5 5 4 4 2 4 3 5 4 4 4 1 2 5 2 1 2 2 4 3 4 2 2 2 4 1 5 3 5 5 4 3 1 4 4 4 2 1 2 4 4 2 3 4 3 2 3 5 3 4 4 1 4 4 5 2 2 4 4 2 4 2 3 5 4 4 3 3 5 1 3 2 4 2 5 2 4 3 3 2 3 2 1 4 2 3 1 4 5 5 1 1 3 3 3 5 2 3 5 1 4 2 1 3 2 3 4 1 4 4 5 4 4 4 3 1 2 1 4 3 2 4 1 4 5 2 4 1 3 2 5 4 5 1 4 4 2 4 3 1 4 1 3 5 3 2 2 3 2 4 3 4 1 3 1 5 5 4 4 4 3 4 5 3 4 1 1 4 2 2 5 5 4 2 2 4 3 2 4 3 5 4 3 2 2 2 3 3 1 5 2 3 4 4 5 2 3 3 2 4 3 5 2 2 4 2 4 5 1 1 3 4 5 5 1 2 1 2 3 5 5 2 4 2 1 4 2 1 4 4 5 4 4 5 5 4 2 4 3 4 2 1 4 2 1 5 4 3 1 4 4 4 3 5 4 4 2 5 2 4 5 5 3 2 2 4 4 4 3 3 4 5 4 2 4 3 1 2 2 1 4 4 3 2 4 2 4 1 4 4 3 4 2 4 4 1 5 2 2 1 4 5 1 4 4 2 3 2 2 1 3 1 2 3 1 3 4 3 2 4 5 3 4 1 4 4 4 1 3 1 2 2 4 4 3 4 2 5 3 2 2 1 5 2 5 3 3 4 5 4 2 2 3 4 4 2 1 3 5 4 1 1 1 2 3 3 4 2 2 5 4 3 1 4 3 2 5 4 2 3 5 4 2 4 4 4 1 1 2 2 5 4 1 5 4 4 4 1 2 4 4 3 5 4 4 2 5 5 4 1 3 4 3 2 5 2 2 3 3 4 4 3 2 1 2 5 1 4 5 5 1 3 4 1 3 1 2 4 2 4 4 4 5 3 5 2 5 3 4 2 3 2 4 4 2 2 2 4 1 5 5 5 3 5 1 2 2 1 4 1 5 3 2 4 4 2 1 3 4 4 3 2 1 2 3 4 2 5 5 4 2 4 5 3 3 4 4 4 1 4 4 2 2 4 2 4 5 4 2 4 2 2 3 2 3 2 4 3 3 1 3 4 4 4 5 2 3 2 2 5 4 2 4 5 5 4 4 2 4 3 1 2 3 4 5 4 1 2 3 2 2 4 4 5 3 5 4 3 3 5 4 4 4 2 2 2 4 4 3 1 2 2 2 3 2 5 4 5 5 2 4 2 5 5 5 5 4 4 4 4 4 4 2 4 3 1 5 3 5 4 5 2 5 1 4 2 5 2 1 3 2 2 3 2 2 4 5 3 5 2 5 5 5 4 4 1 1 1 2 1 4 3 4 5 4 1 1 1 3 1 5 5 1 4 2 4 1 4 2 5 2 3 2 4 3 4 3 4 1 4 1 4 3 2 4 1 3 3 2 1 3 4 2 5 4 2 5 1 1 5 2 1 4 1 3 5 5 3 4 1 2 3 3 2 2 3 5 4 3 4 4 1 3 4 4 2 1 4 3 3 5 4 4 5 4 4 2 3 5 4 4 4 2 2 3 1 3 3 2 4 4 5 3 4 1 4 2 3 4 1 1 2 3 1 5 4 4 4 2 2 2 3 3 2 4 2 4 1 4 4 4 5 5 1 5 4 1 3 4 3 3 2 4 3 2 5 5 4 4 1 4 4 2 3 5 2 4 3 3 5 1 5 5 1 4 3 4 3 2 4 1 5 5 5 3 4 4 2 5 2 1 4 4 4 3 4 1 5 4 4 2 5 5 3 4 1 3 1 4 1 1 4 5 2 1 3 1 2 1 1 2 2 2 2 2 5 1 3 3 4 4 4 2 4 5 1 4 1 5 5 3 3 5 5 1 5 4 2 4 1 1 3 3 1 1 4 2 2 3 3 4 5 2 5 4 3 4 3 2 1 4 1 5 1 2 1 5 4 5 4 1 4 1 2 2 5 2 2 5 4 5 2 2 3 1 3 5 2 1 4 5 2 5 2 3 2 3 1 2 3 2 1 2 2 2 2 1 2 1 4 2 5 3 5 1 4 4 3 2 3 1 2 3 1 5 4 3 1 3 4 5 5 5 2 4 5 5 1 4 1 2 4 2 2 5 2 3 3 2 5 3 5 3 2 1 2 2 2 2 3 2 3 4 4 3 3 5 4 4 1 2 4 2 4 5 1 2 1 4 4 3 4 4 1 5 5 2 3 1 2 2 1 2 2 4 2 3 5 5 4 3 3 3 4 2 4 3 2 3 2 1 2 3 3 2 1 1 1 4 2 1 3 2 1 5 4 3 5 1 2 5 4 5 2 3 2 4 1 4 2 3 4 5 1 4 2 2 5 3 3 2 2 2 5 1 2 3 4 4 1 5 4 3 3 2 4 5 4 1 2 2 4 2 3 1 1 3 2 4 2 3 3 4 3 4 1 2 5 2 4 2 2 4 2 4 2 5 5 3 4 2 2 4 2 4 4 1 5 4 4 5 2 4 2 2 2 3 4 2 1 2 3 4 4 4 4 4 4 5 4 5 3 1 4 4 3 5 1 3 4 3 4 3 3 4 3 2 4 1 5 3 1 4 4 1 4 5 1 5 3 2 4 4 3 3 2 4 3 5 3 5 1 5 2 5 4 4 2 1 5 2 2 5 1 3 4 2 5 2 3 1 5 3 4 4 5 2 5 3 2 3 2 2 4 5 4 2 4 5 2 2 1 2 3 2 4 2 5 3 3 4 2 4 3 2 4 2 2 2 4 1 4 4 5 2 5 1 5 1 3 4 4 1 2 2 2 4 2 4 3 3 4 3 4 2 2 1 5 2 3 2 5 2 4 1 1 3 5 2 2 2 2 4 2 2 2 2 2 2 4 5 3 3 5 2 5 5 2 2 2 3 5 5 3 2 2 4 4 5 2 2 2 3 3 2 4 4 4 1 4 4 3 4 2 4 3 4 2 4 2 4 4 3 4 3 2 4 4 1 5 3 5 4 5 5 1 2 3 4 2 5 3 2 4 2 2 4 3 1 2 1 2 4 2 4 5 1 2 4 3 3 3 1 4 5 2 1 4 5 3 4 1 4 4 3 5 4 3 5 4 2 4 3 3 1 4 4 1 2 1 4 5 2 4 2 3 5 5 2 5 4 1 4 3 5 2 2 4 4 2 2 4 2 3 4 2 2 2 1 2 3 2 3 2 5 2 3 3 3 3 2 2 4 4 1 5 4 5 2 2 1 2 2 1 2 2 2 3 5 1 4 2 1 2 3 1 2 2 2 2 3 4 2 4 4 5 4 3 2 2 4 4 4 3 4 5 3 4 5 3 4 3 4 3 4 4 2 4 2 4 5 1 4 2 1 1 5 4 2 4 4 4 1 1 1 3 4 4 5 2 2 3 4 5 3 1 2 4 4 3 4 5 2 1 3 3 4 2 2 2 2 4 5 1 4 2 4 4 2 3 4 1 2 4 3 5 4 2 4 5 2 2 3 2 2 4 5 2 3 2 1 4 3 5 2 1 2 5 5 5 1 2 5 1 1 3 4 1 4 2 4 3 2 2 2 3 3 3 4 4 3 2 1 4 4 3 2 4 2 4 4 4 3 2 4 2 2 4 2 3 4 4 5 2 1 3 4 3 4 5 2 3 3 2 4 5 2 4 3 2 2 4 1 2 4 2 3 2 4 3 3 4 4 4 1 4 1 4 3 3 4 3 5 5 4 5 4 3 3 5 2 5 2 1 2 4 4 2 4 4 4 4 2 4 5 2 4 4 1 1 4 3 4 3 3 2 3 4 3 4 4 5 3 4 1 3 3 2 4 3 5 4 1 3 5 2 3 5 4 3 2 2 2 4 4 4 5 4 2 1 2 4 4 2 2 1 2 5 2 2 2 2 1 1 4 2 4 5 4 1 2 4 3 4 5 4 4 1 4 2 2 3 3 2 2 1 1 5 3 1 5 3 3 2 4 4 1 5 5 4 3 1 5 5 1 1 2 2 5 2 1 4 3 4 1 2 1 2 1 1 2 3 1 2 5 2 2 4 2 5 1 3 3 4 5 4 2 4 3 1 2 4 2 2 4 2 4 3 2 1 1 1 4 2 5 4 4 4 2 2 3 1 4 2 4 2 2 2 2 5 2 2 2 2 2 2 4 2 3 4 4 3 1 5 3 1 4 4 2 2 5 2 1 2 4 2 4 4 4 4 3 3 4 3 4 5 2 3 3 4 4 1 5 3 3 4 5 2 4 2 3 2 2 2 4 4 3 2 4 4 3 2 2 2 1 4 3 1 3 3 1 5 1 4 2 3 3 1 5 1 2 4 2 4 4 4 2 2 3 4 4 2 1 4 4 4 2 5 2 3 4 3 2 2 3 2 2 2 2 2 4 4 1 2 4 4 5 2 2 2 2 1 2 5 5 4 2 4 5 5 1 5 5 4 4 5 3 4 1 3 2 1 4 3 5 3 4 5 2 4 5 4 5 3 5 3 3 1 1 4 3 3 3 3 2 4 5 5 4 1 4 5 3 3 2 3 1 4 4 3 5 1 4 2 2 2 2 3 1 3 2 2 4 5 4 4 2 4 5 3 4 3 1 1 3 1 2 2 5 3 4 3 2 4 4 3 2 4 1 3 2 4 3 4 4 5 2 4 5 2 1 5 3 2 4 3 2 3 4 4 4 4 4 2 1 2 4 3 2 1 2 2 5 4 2 3 4 2 2 5 2 2 3 4 2 4 4 4 4 4 2 4 3 5 5 4 2 2 1 2 2 4 4 2 3 4 4 2 3 5 4 2 4 1 4 2 2 1 4 4 4 3 2 3 3 4 4 1 3 3 5 5 2 2 4 2 1 3 2 3 3 1 2 3 5 2 5 4 3 1 3 4 4 4 2 1 4 2 2 4 4 3 4 5 2 5 4 2 2 4 4 3 3 3 4 2 2 4 5 4 3 4 4 3 1 2 4 4 2 4 1 1 4 2 5 4 2 3 3 3 5 4 4 4 2 5 2 4 4 3 1 4 2 2 1 4 4 2 4 4 2 2 3 2 5 4 1 5 4 3 2 3 1 1 2 2 5 4 4 2 5 4 3 1 3 5 3 2 3 3 2 4 2 2 4 5 2 3 4 2 3 4 2 1 4 2 4 2 2 1 4 4 1 4 4 5 5 4 4 1 3 4 2 2 4 2 2 3 2 2 1 2 2 4 4 4 3 5 2 3 4 5 2 4 3 1 5 4 1 2 2 1 3 2 1 3 4 5 2 2 3 1 3 2 2 4 1 3 3 5 5 4 4 4 4 3 4 2 1 3 3 4 4 2 2 3 4 2 4 4 2 3 4 4 2 4 4 2 4 4 1 2 1 2 2 2 4 2 4 1 4 2 3 5 1 2 1 5 3 4 2 1 1 4 3 3 2 1 4 2 3 3 4 5 1 5 2 3 3 2 4 5 2 1 4 5 3 5 2 4 5 2 4 4 3 2 2 5 5 3 1 2 1 1 5 1 2 5 4 4 3 3 1 4 3 3 2 4 5 4 3 4 1 4 4 5 1 4 5 3 5 5 2 1 4 3 2 3 2 2 2 5 3 3 2 2 3 5 3 5 3 3 3 4 2 3 3 5 2 4 5 4 4 4 4 1 2 5 2 2 4 2 3 2 4 5 2 1 1 5 3 2 3 4 3 4 3 2 5 2 1 3 3 4 4 3 5 1 4 2 2 1 4 3 4 4 4 2 1 5 3 2 4 4 2 5 3 5 1 2 4 2 3 5 3 1 2 1 3 4 4 3 4 4 4 5 2 2 2 5 2 2 2 3 2 4 4 2 1 3 5 2 3 3 1 4 3 4 3 4 5 3 4 4 3 2 2 1 2 4 4 4 2 2 4 2 1 2 5 5 5 4 2 2 1 2 2 2 1 2 4 4 3 5 1 5 4 5 2 2 3 1 1 2 4 4 3 2 2 5 1 2 3 2 2 4 4 2 2 2 4 4 5 2 3 2 1 3 1 5 4 2 3 2 5 4 3 4 4 3 4 4 4 4 1 2 2 4 1 4 4 3 5 5 2 3 3 4 2 1 5 4 3 3 4 4 3 3 3 3 4 2 2 1 3 4 2 3 2 4 2 3 1 1 4 4 3 3 4 3 5 2 5 2 2 4 4 4 4 4 4 2 2 3 4 2 4 2 4 1 4 4 3 3 4 3 4 3 2 5 3 2 4 2 5 4 4 1 1 5 2 2 3 2 1 3 4 2 4 2 2 5 2 4 2 5 4 3 1 2 4 1 3 4 1 1 5 3 2 5 4 2 2 1 2 3 3 2 5 4 5 3 2 5 2 1 2 3 5 4 4 1 4 3 1 3 1 5 5 2 4 4 2 5 4 3 5 1 2 2 4 2 2 4 2 5 4 4 1 2 1 1 4 3 3 5 1 2 4 3 3 1 1 2 2 3 2 4 2 4 2 2 1 3 5 1 5 4 3 2 5 5 3 2 2 4 4 2 4 4 5 2 2 2 2 3 3 4 3 5 3 4 2 3 5 2 2 5 1 1 3 1 4 4 5 3 4 2 2 3 5 4 2 3 3 4 2 4 5 4 3 2 2 4 4 4 2 3 5 3 1 3 5 3 4 2 2 3 3 4 3 3 2 4 4 2 1 4 4 2 2 4 2 1 2 3 5 2 2 1 2 3 1 1 2 2 3 2 1 1 3 5 2 3 1 4 3 3 5 2 3 5 1 1 2 2 1 2 5 1 4 2 3 2 1 5 1 1 4 5 1 2 4 5 3 2 5 1 1 2 5 4 3 5 5 3 4 4 4 5 3 3 2 1 5 2 4 4 1 2 4 4 3 2 4 4 4 2 2 1 2 2 3 4 4 2 2 4 5 4 4 3 1 2 4 4 1 2 2 5 3 5 5 5 4 2 4 3 1 4 3 3 4 5 3 4 2 5 2 3 3 2 2 1 5 4 5 3 4 1 4 2 4 3 4 5 3 5 3 3 4 1 2 4 1 4 4 3 2 4 2 5 1 5 4 4 4 3 4 1 3 3 2 2 3 5 3 2 2 5 5 4 2 4 4 4 2 3 2 3 3 4 1 5 4 4 2 1 3 3 3 5 5 3 3 1 4 4 2 2 4 4 2 3 2 4 4 3 1 4 2 4 3 2 4 2 4 2 1 3 2 4 3 2 4 4 2 2 4 2 2 4 3 1 2 4 5 4 5 1 1 3 2 2 2 2 5 2 4 4 2 2 2 4 4 4 4 4 2 4 5 4 4 3 5 1 3 5 3 3 4 1 4 4 3 4 5 4 2 2 4 4 3 2 4 4 4 3 4 3 4 3 3 1 2 2 4 5 4 2 1 2 2 1 1 1 1 3 4 2 2 2 2 5 3 4 4 2 3 1 2 1 5 2 4 2 2 1 1 3 4 2 5 3 5 1 3 3 1 2 3 3 4 3 5 4 2 5 2 4 4 2 1 4 3 3 3 4 3 1 1 5 4 5 4 2 5 3 3 4 3 3 2 5 3 5 5 3 3 4 3 3 5 3 4 2 5 4 2 1 3 4 1 4 2 1 4 3 4 4 5 1 4 2 2 3 3 4 4 4 4 5 2 1 4 3 2 4 2 1 4 4 5 5 3 2 2 2 1 3 3 4 5 4 5 2 2 1 3 5 1 2 4 5 1 4 4 3 5 2 5 3 2 2 2 2 2 4 2 3 4 1 1 1 1 3 3 2 2 1 4 1 4 4 2 5 1 1 1 4 4 3 5 3 2 4 5 4 4 2 4 2 3 2 4 3 2 5 1 5 2 2 4 2 1 4 5 5 2 4 3 1 2 4 5 3 4 2 3 5 3 2 4 4 3 4 5 3 4 1 4 3 4 3 1 1 3 4 5 3 5 5 2 4 2 2 2 1 5 2 2 2 2 4 2 4 4 1 3 5 4 5 1 1 4 1 2 4 1 2 1 4 5 2 1 2 3 3 3 2 3 4 4 3 1 3 2 4 4 3 5 2 5 2 1 4 4 4 3 2 2 5 3 5 2 5 5 5 2 4 1 4 1 4 1 3 5 3 3 2 4 3 2 1 1 4 3 4 2 3 3 2 4 3 2 4 2 2 2 4 2 5 2 3 2 4 2 5 2 2 4 5 2 1 5 5 3 5 2 5 4 2 2 3 5 4 3 4 2 1 4 1 3 2 2 3 4 4,5 2 2 3 4 3 4 4 2 5 2 2 4 2 2 5 4 4 2 5 1 2 2 5 2 3 2 3 1 4 5 5 2 3 2 3 3 4 3 4 4 3 3 4 2 3 3 3 3 2 2 5 4 4 3 4 4 2 5 1 4 4 4 5 2 3 4 5 5 3 1 4 1 4 3 5 3 4 5 4 4 4 5 2 1 1 3 5 4 2 5 4 4 5 3 5 4 2 2 3 2 2 5 2 2 2 2 5 3 4 5 1 4 5 4 2 4 4 3 4 4 4 2 2 2 4 4 2 4 2 2 4 3 4 2 2 2 5 3 4 3 4 3 5 1 1 2 3 4 4 3 3 3 1 4 3 5 4 5 2 4 2 2 3 1 3 3 5 3 3 5 2 1 2 1 2 4 3 1 4 4 1 4 5 5 2 5 4 5 4 4 1 5 2 3 2 4 1 3 2 2 2 2 4 1 5 5 2 1 2 1 5 5 5 3 4 4 2 2 4 3 2 4 4 2 5 5 3 5 3 3 3 5 1 2 4 3 4 4 5 1 2 5 2 3 4 5 1 5 2 5 4 2 3 5 3 5 5 5 2 2 4 2 4 1 2 2 4 4 1 1 3 4 4 5 3 5 4 2 2 5 4 4 2 1 2 4 4 3 4 4 4 4 4 2 4 5 1 3 1 3 1 3 3 1 4 1 3 3 2 4 4 5 1 1 4 3 4 4 2 5 1 5 4 2 1 4 2 5 5 1 2 4 1 5 2 1 4 4 4 4 3 4 4 5 1 5 3 4 4 3 4 2 3 2 1 1 3 4 4 5 3 2 3 4 3 2 2 1 4 2 2 5 1 4 4 2 4 2 2 2 2 4 4 1 5 3 3 3 2 1 1 1 5 5 3 4 4 5 3 2 2 1 1 3 3 5 4 4 2 2 1 3 4 1 2 2 4 1 4 4 4 2 3 4 1 4 2 3 3 4 4 4 2 2 1 3 3 5 3 4 2 1 4 1 4 5 4 2 3 2 1 2 1 4 2 2 5 3 3 2 1 2 2 1 5 3 2 4 5 4 5 4 2 4 2 5 2 4 2 3 4 4 2 2 4 3 2 2 2 1 4 5 4 3 4 4 3 2 3 4 1 3 5 5 2 5 1 2 2 3 3 3 1 4 2 4 3 1 5 5 1 3 3 2 4 4 2 5 4 3 4 4 1 1 3 2 5 3 4 3 3 1 1 2 4 2 4 2 4 3 1 2 2 4 4 4 2 3 4 1 2 1 2 5 4 4 2 4 2 2 1 3 2 2 1 5 1 3 1 3 3 2 4 5 2 3 4 1 2 2 2 4 2 4 1 2 4 4 1 3 1 5 3 2 4 4 2 3 4 4 1 4 2 2 4 4 4 4 5 3 5 3 4 4 2 5 4 3 4 4 2 2 2 2 2 3 2 3 5 5 2 1 3 2 4 4 1 5 2 4 2 3 2 3 4 2 5 4 2 1 5 4 1 5 2 2 4 2 4 2 2 1 2 2 5 3 3 2 5 3 5 3 3 2 2 5 4 4 5 2 2 2 4 5 1 1 2 4 3 4 5 2 5 4 5 2 1 5 3 5 3 2 2 3 2 2 3 4 2 5 3 1 1 2 2 4 4 3 3 5 3 1 4 5 4 2 2 4 4 2 3 3 4 5 5 1 2 4 1 1 1 4 3 3 2 2 4 4 5 1 3 4 5 4 4 2 2 5 4 4 2 2 5 4 4 3 4 3 4 2 5 5 5 4 4 3 4 2 3 2 2 3 4 4 1 1 2 4 4 1 1 2 5 2 5 2 4 2 2 5 2 1 4 2 4 4 4 3 5 5 4 5 4 5 4 2 4 2 5 1 5 5 2 5 3 5 2 3 1 1 3 3 2 3 1 2 2 4 3 4 1 4 1 4 2 4 2 4 4 2 1 1 2 5 5 4 4 1 5 1 5 5 4 2 4 3 3 4 4 2 2 4 4 4 2 4 3 4 4 5 4 4 2 2 2 3 2 5 3 3 1 4 5 3 1 3 5 3 4 5 3 2 2 5 5 3 1 2 2 2 1 4 1 1 4 4 4 4 4 3 4 2 1 4 1 2 3 4 5 2 4 3 4 1 4 4 1 4 2 4 4 4 3 2 3 2 5 2 1 5 5 2 2 4 4 3 2 4 5 2 2 4 3 2 2 1 4 1 1 2 2 2 1 3 1 5 5 1 2 2 2 2 3 2 4 3 5 2 4 3 5 4 2 1 2 4 2 2 4 1 4 2 3 4 1 5 3 4 4 1 4 4 3 4 4 4 5 2 4 2 2 5 2 5 3 2 5 3 5 2 2 4 2 5 2 2 3 4 4 1 2 2 4 3 5 4 3 2 2 2 4 2 2 1 1 2 2 5 3 1 1 5 2 4 4 3 1 4 4 3 4 2 3 4 2 4 4 3 3 1 1 5 2 3 3 1 2 2 5 5 4 2 5 2 2 3 4 3 5 1 5 4 3 4 5 3 4 1 2 1 3 4 3 1 3 2 4 2 2 4 4 4 2 2 4 4 4 2 4 2 5 2 4 1 1 2 3 4 1 1 2 2 4 5 4 4 3 4 5 4 1 5 4 3 1 5 1 4 1 2 1 3 2 4 2 3 4 3 1 4 3 3 5 4 2 2 2 3 2 4 2 5 3 4 2 5 4 1 1 2 5 5 1 1 1 5 2 3 4 1 4 4 1 3 3 1 5 4 4 4 3 4 1 2 4 2 3 1 1 5 2 1 4 2 4 3 4 1 5 5 4 2 2 2 2 4 5 1 5 2 5 2 2 3 5 5 3 3 2 5 2 4 4 1 4 1 5 4 1 2 4 2 3 1 2 4 4 5 4 2 4 2 5 4 3 3 2 2 4 2 1 3 5 4 2 2 1 5 3 5 2 3 4 4 4 3 3 4 1 5 5 2 2 3 2 4 4 4 3 2 1 2 4 4 3 3 4 4 3 1 2 2 4 1 4 4 4 4 5 4 1 3 3 5 2 2 2 2 4 5 4 3 4 5 5 4 2 5 5 3 4 1 2 3 1 1 4 1 1 5 2 4 1 1 2 2 4 3 4 1 4 2 2 2 3 1 1 4 3 5 4 1 4 4 5 2 1 2 2 4 1 4 4 3 4 4 3 2 5 4 1 3 2 2 3 2 2 2 5 3 1 4 2 2 2 2 3 3 3 3 2 4 4 2 4 4 1 1 5 4 1 3 2 1 5 5 2 4 3 2 2 1 1 5 3 4 4 2 5 2 1 1 4 5 3 1 4 4 3 3 4 2 1 1 3 4 1 2 4 4 1 4 2 3 4 5 4 5 4 2 1 5 4 3 5 2 5 4 3 3 4 3 2 1 5 3 3 4 2 4 4 5 1 2 5 2 4 1 3 5 3 4 1 3 4 2 4 2 2 3 4 5 4 4 4 5 2 3 2 2 5 3 3 1 4 1 4 3 4 2 3 1 5 1 4 2 5 1 2 3 4 3 3 2 4 2 3 2 2 2 3 3 4 5 4 2 3 3 3 3 4 5 2 4 5 4 4 3 2 4 4 2 2 4 5 2 1 4 5 4 1 3 2 4 3 2 5 1 2 3 2 4 1 3 1 2 2 3 5 2 3 4 3 5 2 2 4 4 4 3 4 1 4 2 5 4 2 4 5 5 2 2 3 3 5 2 4 1 4 4 5 4 5 3 2 3 5 3 2 2 3 3 2 1 1 3 2 2 5 2 4 4 2 5 5 1 3 4 4 4 5 2 3 4 2 5 2 2 4 2 2 2 4 1 4 4 2 4 4 4 5 4 4 2 3 4 4 3 3 4 4 4 4 4 4 3 3 4 4 2 2 4 3 2 1 1 4 2 3 2 5 2 2 2 1 5 3 2 3 2 3 4 2 2 5 2 2 4 2 3 4 2 2 3 3 2 4 4 4 4 4 1 5 2 5 3 2 1 1 5 4 1 3 4 5 1 4 4 3 2 4 2 4 4 3 3 2 4 1 2 1 5 1 3 2 3 4 4 1 3 3 5 4 2 4 4 5 4 2 1 1 3 4 3 4 5 4 2 3 4 4 1 2 3 3 2 4 5 3 3 1 4 4 5 4 3 5 2 2 2 3 2 1 4 3 3 1 2 3 4 5 4 3 3 2 5 3 5 2 1 2 5 1 2 5 5 2 1 4 3 2 3 3 5 4 1 3 1 5 3 1 2 2 2 4 4 4 1 3 3 4 5 4 1 3 4 5 1 3 3 3 2 2 5 1 2 4 2 4 2 5 1 3 4 2 3 5 4 2 2 3 2 2 5 4 4 5 5 2 5 5 4 1 4 3 3 3 1 3 5 1 2 1 5 1 4 1 4 4 2 2 5 4 4 5 1 2 2 2 3 2 5 3 4 2 5 3 3 4 2 5 5 4 2 4 5 4 3 1 2 4 3 3 4 2 4 5 3 2 5 2 2 2 4 4 2 2 1 1 2 1 2 4 5 3 4 4 3 2 2 2 2 1 5 4 3 5 4 5 3 2 4 5 5 4 2 1 2 3 2 4 5 4 3 4 4 3 3 2 2 3 2 4 4 2 1 4 3 5 3 4 4 4 3 1 4 5 1 3 4 1 3 2 3 3 4 4 4 4 2 1 2 4 1 4 3 5 2 2 3 5 5 5 3 2 1 3 5 4 3 3 3 2 2 1 2 4 2 1 2 2 4 4 4 5 2 4 5 4 1 2 1 3 1 3 4 5 2 5 2 3 3 5 2 1 4 3 5 5 4 5 4 5 4 4 1 1 1 2 2 2 5 3 2 2 4 4 3 4 4 5 3 5 4 2 1 2 4 1 2 3 2 5 5 4 2 5 3 4 1 1 4 1 5 3 2 3 3 2 2 5 5 2 3 5 5 3 3 3 5 2 5 4 3 5 3 2 3 5 3 1 4 5 3 5 4 3 5 1 3 2 4 4 3 2 3 1 2 1 4 3 4 3 2 1 1 1 3 4 3 3 5 2 3 4 2 2 4 5 4 4 3 4 4 2 1 2 4 2 3 2 2 4 2 3 1 2 2 5 5 1 3 4 2 4 4 3 2 2 5 5 4 1 4 5 3 5 2 3 4 4 5 2 4 2 5 5 3 4 5 2 2 3 3 4 5 4 3 2 2 5 2 4 2 4 4 4 3 1 5 3 3 4 4 2 3 2 4 2 3 5 5 1 5 5 1 4 2 4 2 2 5 4 2 5 2 5 4 4 1 5 2 1 3 2 1 1 2 2 4 5 4 2 3 2 2 2 2 4 2 1 4 3 3 2 3 4 4 4 4 2 3 1 1 2 3 4 2 5 2 3 2 2 4 1 3 4 3 4 2 4 5 5 5 4 3 3 4 5 2 3 3 3 4 2 1 3 4 1 1 2 4 3 2 5 2 1 3 5 3 4 1 3 5 5 2 2 2 5 3 5 3 4 2 1 2 2 1 3 4 3 5 2 4 3 2 1 1 3 2 2 4 5 3 3 4 4 1 4 5 3 3 4 4 3 4 4 2 4 4 3 1 5 1 4 5 2 3 5 2 2 5 2 4 5 1 4 3 4 4 2 1 4 4 4 4 4 3 5 4 2 4 2 1 2 2 4 5 2 2 4 1 2 5 4 1 4 3 4 3 4 4 1 2 2 3 4 5 4 4 2 2 4 5 3 2 1 4 2 5 1 2 3 5 3 1 4 4 1 5 1 5 2 4 5 5 4 3 4 4 2 4 1 5 4 5 4 3 4 5 2 3 3 4 5 1 5 3 1 4 5 3 3 1 2 2 2 5 1 4 4 4 3 2 2 5 2 3 2 4 2 3 4 1 1 1 2 4 5 2 3 1 4 4 4 1 3 4 3 3 3 3 3 3 2 4 2 4 4 4 3 2 3 1 1 4 5 4 2 4 4 1 4 4 2 3 4 5 2 3 3 4 2 2 2 2 2 3 3 4 3 2 2 2 4 4 3 2 3 3 5 1 2 4 2 4 3 3 3 4 4 1 3 4 4 2 4 2 3 5 2 4 3 3 2 4 2 2 2 4 2 2 4 3 3 4 2 5 4 2 5 1 2 1 4 4 2 2 1 5 1 4 2 5 3 4 3 4 5 4 2 4 4 4 1 4 5 4 3 5 1 4 3 2 2 5 3 3 1 1 1 1 4 4 2 5 3 3 3 2 2 5 2 5 4 3 2 2 4 3 4 1 2 1 1 4 4 4 2 4 2 5 3 2 2 1 2 1 2 2 3 4 4 3 3 5 5 2 2 1 5 4 1 2 3 4 4 2 2 3 2 1 4 2 3 3 3 3 3 2 4 2 4 1 1 1 1 1 2 4 1 2 5 2 2 4 2 2 2 4 5 2 4 3 3 4 3 3 4 3 1 5 4 2 2 1 4 4 5 3 3 1 4 5 5 4 5 4 2 2 3 5 1 1 2 3 2 2 5 2 5 2 3 1 3 2 1 3 1 5 2 1 4 3 4 1 3 1 4 3 3 3 5 5 4 4 5 2 4 3 3 4 3 3 3 2 4 5 2 3 2 3 2 2 1 2 3 2 2 4 4 4 1 3 2 2 1 2 4 5 2 2 4 2 3 2 3 3 1 4 2 1 4 1 4 4 4 3 2 2 3 4 2 3 3 4 2 5 5 4 2 5 3 2 4 2 2 5 4 1 2 1 4 4 5 4 3 1 3 3 4 4 2 2 1 4 2 1 1 2 5 1 3 4 4 5 2 2 2 2 3 2 1 2 3 4 4 5 4 3 4 1 2 4 1 2 2 2 1 5 1 2 4 5 5 3 1 5 3 2 3 1 3 5 3 1 4 1 2 4 4 1 4 5 2 4 1 2 1 5 3 3 2 5 3 4 2 2 5 5 4 4 3 3 5 2 4 5 2 5 1 2 1 5 4 2 3 4 4 3 3 4 2 3 2 1 5 2 4 4 2 1 4 4 4 3 5 2 3 4 4 3 2 1 4 3 4 3 1 3 2 5 4 2 4 4 3 3 5 5 4 1 5 4 4 4 4 2 3 2 4 1 4 5 2 1 4 2 4 2 3 4 2 3 2 4 4 2 4 3 4 3 2 4 4 5 4 3 2 1 4 4 2 3 5 3 3 4 1 5 3 4 2 4 1 2 2 5 5 5 4 2 3 4 2 2 2 2 4 4 2 4 5 5 4 1 4 2 5 2 4 3 4 3 5 4 5 3 4 4 3 5 2 3 3 2 4 2 2 3 4 2 4 3 3 3 2 2 2 2 1 5 4 4 2 3 4 5 2 3 1 2 3 5 4 4 5 2 4 1 4 2 3 3 4 3 2 4 4 5 2 2 3 5 3 4 4 4 3 3 2 4 1 3 3 2 2 4 3 2 5 1 4 4 2 4 5 5 1 4 2 3 4 4 1 4 4 4 1 1 1 4 4 3 3 2 2 4 2 3 4 1 1 1 2 2 2 2 2 2 3 5 4 4 5 2 3 4 5 5 5 4 5 5 5 3 4 5 4 3 4 3 4 5 4 4 2 3 3 1 2 4 4 4 4 5 2 5 1 1 1 3 1 4 5 2 4 2 4 2 3 4 5 4 2 4 3 4 2 2 5 2 1 2 2 1 4 2 5 3 5 2 3 2 4 2 2 5 2 2 5 3 1 3 2 2 1 4 4 3 3 5 4 4 3 4 2 5 4 4 4 4 2 4 3 2 3 2 2 2 2 3 4 3 5 2 2 3 2 3 2 4 2 3 2 3 5 3 1 2 4 4 5 5 3 1 4 4 3 3 5 4 4 3 1 1 3 4 1 3 3 1 1 2 2 5 2 2 4 2 2 2 2 5 4 3 5 1 2 2 3 2 1 4 4 2 3 4 1 2 3 2 4 3 3 2 2 2 5 4 4 1 4 4 2 3 2 3 2 3 3 5 5 5 4 5 3 1 4 1 5 5 1 3 4 1 4 3 2 2 4 2 2 3 1 5 1 4 2 4 2 5 4 4 3 3 2 4 3 1 4 4 1 4 3 5 2 2 3 4 2 3 2 4 3 3 4 5 3 3 4 3 2 4 3 4 2 1 5 5 3 2 2 2 1 4 1 4 4 3 1 2 2 2 5 3 4 5 3 4 5 3 2 4 4 5 2 3 3 3 3 2 2 2 5 5 1 1 5 5 2 4 1 3 1 4 4 4 4 5 3 4 2 3 5 5 3 3 5 2 4 1 2 4 2 4 5 4 1 1 2 4 2 2 4 3 5 2 2 1 4 5 2 5 4 3 3 2 4 1 2 4 5 1 5 4 2 4 2 4 2 4 5 3 2 3 2 1 1 4 2 4 1 4 3 4 4 2 3 4 2 4 4 4 2 1 4 4 4 3 5 3 2 3 4 5 2 4 3 4 2 2 4 2 4 4 3 4 4 4 5 2 3 2 4 4 2 4 2 4 4 4 3 2 2 1 4 2 5 5 2 5 1 4 1 5 3 5 1 4 4 3 1 5 3 1 5 4 3 1 5 2 1 5 2 5 2 1 4 4 4 4 1 5 2 4 3 3 5 4 2 5 1 4 2 3 2 4 4 2 1 3 1 4 4 4 3 2 2 1 2 3 1 4 1 2 2 5 2 4 1 4 3 5 4 4 2 4 1 4 4 4 4 4 5 3 2 3 5 2 2 4 3 4 3 2 2 4 2 5 1 2 3 2 1 5 1 5 2 1 4 2 3 5 3 3 2 4 3 4 2 5 2 4 4 4 4 4 3 1 2 4 2 1 3 1 3 2 5 4 3 5 3 4 1 4 3 2 2 2 5 3 4 2 5 5 2 2 5 1 2 4 1 2 1 4 3 2 4 2 2 2 3 4 3 3 2 3 2 2 3 4 4 2 1 5 5 2 1 2 5 3 4 2 4 3 2 4 2 4 5 1 1 3 4 5 2 4 5 3 4 2 2 3 2 2 4 4 3 3 4 5 4 1 2 4 4 1 2 1 3 4 2 4 4 5 1 2 2 4 2 2 3 4 5 4 3 5 3 2 4 4 4 4 5 1 1 4 4 2 4 4 4 5 2 4 5 4 5 3 3 4 3 3 5 2 4 5 1 1 5 4 5 1 4 2 2 2 2 2 3 4 2 4 2 4 2 5 1 1 2 5 4 3 3 4 1 5 5 4 4 2 2 4 3 3 3 5 4 5 4 4 3 3 2 5 2 4 5 5 1 4 4 2 4 4 4 3 3 3 4 1 4 5 5 3 1 4 3 2 4 1 2 2 4 2 4 4 1 4 2 1 2 3 4 1 5 4 2 5 4 5 1 4 5 2 2 4 4 1 4 1 4 5 4 2 4 5 3 2 4 2 2 1 4 2 4 2 2 3 4 4 4 2 4 2 1 2 3 1 3 3 1 5 4 5 3 4 5 5 4 2 3 3 2 2 4 3 4 3 2 1 1 1 4 5 4 2 2 1 4 2 4 3 2 2 5 2 4 2 2 2 4 4 4 1 1 5 1 2 4 4 2 4 3 3 2 4 5 5 4 2 5 3 2 2 4 4 4 2 2 1 2 1 4 2 1 2 4 1 2 5 4 4 4 2 3 4 3 1 1 2 3 2 3 2 4 4 2 2 3 1 1 2 2 3 5 4 3 2 4 4 3 2 2 3 5 1 2 5 5 2 3 1 3 2 2 2 2 4 3 3 2 4 3 3 5 4 4 2 2 3 2 2 5 2 3 3 4 4 2 1 3 3 4 4 3 1 1 3 4 1 2 1 4 2 2 4 3 4 1 5 4 2 5 5 4 2 5 3 3 2 3 2 2 4 2 4 5 2 4 4 4 3 2 1 5 2 5 3 3 1 4 4 2 2 2 3 1 3 2 1 4 5 2 4 4 2 2 5 2 3 5 5 5 4 3 2 3 2 1 2 4 4 4 2 2 1 5 4 1 1 3 2 2 4 4 4 4 3 1 1 4 2 4 3 4 1 2 2 2 4 4 5 3 4 1 5 2 1 5 2 4 2 2 1 4 4 2 4 2 4 4 1 5 4 1 4 3 5 4 3 3 4 3 3 1 5 5 2 4 4 2 1 2 2 4 3 5 3 3 2 5 1 4 4 4 5 3 5 2 3 3 4 1 4 3 1 4 1 4 4 2 1 2 4 1 2 5 4 2 1 4 2 4 2 4 2 4 4 4 5 5 2 4 4 5 3 4 3 4 4 2 2 5 4 2 1 2 2 2 4 5 3 4 5 2 5 3 2 5 2 1 2 1 5 3 2 3 2 2 2 5 5 5 3 4 2 4 3 4 2 3 5 2 2 2 2 2 2 5 4 5 3 4 3 2 5 4 4 4 3 2 4 4 2 5 5 4 4 5 1 4 3 3 1 5 2 3 4 3 3 2 4 4 1 2 5 1 4 2 4 3 3 1 1 5 4 4 3 3 2 1 3 3 2 2 5 2 4 1 1 4 4 3 2 4 3 3 4 2 3 4 4 2 5 3 2 4 2 2 4 1 1 3 2 1 2 5 4 5 4 1 4 2 3 2 4 2 2 1 2 2 2 5 4 5 4 5 4 4 3 1 3 3 3 1 2 3 4 5 3 4 2 1 2 3 4 3 4 1 3 2 3 4 5 3 2 2 3 4 4 4 1 3 2 2 3 3 3 4 1 5 2 4 2 3 2 4 2 1 2 4 4 3 4 2 1 1 3 5 2 2 2 5 5 1 4 5 5 3 2 3 3 3 3 4 4 2 3 2 3 1 2 2 2 1 3 1 2 2 5 2 3 2 3 2 4 3 2 4 2 3 2 2 2 2 3 5 1 3 3 4 4 5 4 3 3 1 2 1 5 1 4 3 4 3 2 3 4 4 5 4 3 2 2 5 1 2 4 4 4 1 3 2 2 4 4 1 4 5 5 4 2 2 4 4 4 4 3 3 3 2 3 4 5 2 5 3 3 5 2 3 5 1 1 4 4 3 2 3 2 4 4 2 2 2 3 1 4 5 3 3 2 4 4 4 3 3 2 2 5 4 2 1 4 3 2 4 4 2 5 3 4 3 1 1 1 5 2 2 2 3 3 2 4 2 3 4 3 3 1 3 4 2 5 4 4 4 2 4 4 2 3 3 2 4 4 1 5 3 5 2 2 3 2 2 3 3 5 4 4 4 2 3 2 5 5 4 3 5 4 1 4 2 5 2 4 3 3 5 4 4 4 3 4 2 4 2 1 2 4 1 2 5 5 3 4 1 5 3 3 4 3 5 2 2 2 3 1 4 5 4 1 2 4 4 1 1 4 2 2 4 3 3 5 3 1 4 2 2 3 1 3 5 5 1 3 4 4 3 2 4 5 2 4 4 2 2 3 2 4 1 3 3 4 2 1 4 3 2 2 3 5 3 3 4 4 4 2 5 5 5 2 5 2 3 4 3 5 4 4 2 2 4 3 2 1 1 2 3 3 3 2 2 5 2 2 4 5 4 5 4 4 5 2 1 2 3 1 1 3 5 1 5 3 3 2 2 2 4 2 5 4 4 3 2 2 4 4 3 5 4 1 2 4 3 5 4 3 3 3 2 2 2 5 3 1 3 2 2 4 2 4 3 3 3 1 2 1 1 2 5 4 3 1 4 4 3 4 5 2 5 4 2 3 4 2 1 2 4 5 5 3 1 4 2 2 5 5 4 4 3 3 3 1 2 4 4 4 4 4 3 5 3 3 4 3 2 5 3 3 5 2 2 4 2 4 4 2 3 3 5 5 4 2 4 1 2 3 4 3 4 3 5 1 1 3 1 1 2 2 5 3 1 1 2 2 1 2 2 2 4 3 5 3 2 2 5 1 2 4 4 3 5 3 4 4 3 3 1 5 4 5 5 2 3 5 4 2 4 3 1 2 1 1 2 5 2 4 3 2 5 3 2 5 2 1 2 1 4 4 2 5 4 3 2 4 2 3 4 4 5 5 4 3 5 1 5 1 5 4 1 2 1 2 3 3 4 3 3 2 3 2 2 2 4 2 5 2 4 2 3 1 3 2 5 2 3 2 3 1 4 3 5 4 3 3 4 4 4 1 1 4 5 3 1 4 3 3 4 4 5 4 5 3 5 2 4 4 1 1 5 2 4 1 5 4 4 4 4 1 1 2 1 4 3 5 3 4 5 1 5 4 2 3 3 5 3 4 3 1 4 1 1 4 4 4 2 3 2 4 2 4 3 2 3 4 2 5 3 2 2 3 3 3 1 1 5 5 2 1 2 5 1 1 2 4 4 2 5 4 4 5 3 4 4 1 4 2 5 1 4 2 2 4 5 4 2 2 1 5 2 4 1 2 4 1 2 5 1 2 4 4 3 2 3 4 4 2 2 4 2 3 2 5 3 3 2 3 3 4 3 4 2 5 2 5 3 1 4 2 1 5 3 3 4 2 2 5 1 4 2 3 4 2 4 2 1 4 2 5 4 2 4 4 2 2 2 2 4 2 2 3 5 1 4 5 2 2 2 5 2 2 3 3 5 3 5 5 4 4 2 2 4 3 4 2 5 3 2 4 5 1 4 1 1 4 4 4 1 2 2 5 3 3 5 4 4 5 1 2 5 4 5 3 2 4 4 2 4 5 4 4 4 1 3 3 3 2 5 1 1 1 1 4 2 5 1 2 2 4 5 3 2 4 4 1 1 2 4 5 4 2 2 1 4 2 1 2 1 1 2 5 2 3 2 5 2 1 5 5 3 1 4 4 2 2 3 1 4 4 1 2 4 2 3 4 5 5 2 4 1 2 5 3 4 5 1 4 3 4 2 5 2 5 5 3 2 3 2 2 1 2 2 5 2 3 3 4 4 1 4 1 2 5 2 3 2 3 2 2 1 3 1 4 2 5 5 5 5 5 5 2 5 2 4 4 5 5 5 4 3 4 1 2 4 1 4 4 2 4 2 4 3 4 4 3 5 1 3 4 4 3 2 1 2 4 2 4 5 1 4 4 1 2 1 4 2 5 3 4 3 4 3 2 4 2 4 4 1 1 4 5 3 2 4 2 4 2 2 3 3 3 2 5 5 2 5 4 5 2 2 1 5 2 2 4 4 2 5 3 2 5 3 3 1 2 2 4 1 4 2 4 4 5 4 2 1 5 5 4 5 4 2 2 2 3 4 1 4 2 1 1 4 2 3 4 1 2 5 2 2 2 1 2 5 4 2 4 2 4 5 4 1 3 2 3 1 4 2 2 2 2 2 3 2 5 5 5 1 4 4 4 5 4 1 2 4 3 4 2 4 2 4 4 2 3 2 4 5 2 1 2 4 2 2 5 1 3 2 5 4 4 3 4 2 2 2 4 2 4 2 3 4 4 4 5 3 4 4 3 3 4 4 4 3 2 4 3 2 2 5 4 2 4 2 1 2 2 1 2 4 4 4 5 2 1 4 2 3 4 2 4 2 5 2 4 3 2 1 1 3 4 3 4 3 2 2 4 2 1 5 3 4 3 1 2 3 3 5 2 4 5 4 4 3 2 2 4 2 2 3 5 4 4 4 2 4 5 5 2 4 4 4 3 5 2 2 3 4 4 3 3 2 2 4 2 5 5 2 2 4 4 3 4 4 4 1 2 5 3 3 5 2 2 1 1 1 3 2 2 5 3 5 2 3 5 5 3 2 4 3 3 4 2 1 3 5 4 5 5 4 2 4 1 1 4 4 3 1 5 5 4 2 3 4 2 5 2 4 4 3 3 3 5 3 4 2 3 2 4 5 4 3 2 4 3 4 3 4 1 4 1 2 1 4 1 4 5 3 4 3 2 4 1 5 5 5 4 4 1 4 4 3 5 5 3 4 3 5 4 4 3 3 2 4 4 5 2 3 1 1 4 1 2 4 5 1 4 2 4 1 2 4 5 2 2 4 4 1 4 3 5 4 4 5 5 5 3 4 5 3 5 2 3 4 3 3 2 2 3 5 3 4 5 3 4 3 2 4 1 5 2 2 2 2 5 4 5 1 3 2 5 5 4 5 4 4 2 1 1 5 1 4 4 2 3 5 2 2 5 5 3 2 2 3 2 2 5 5 5 2 4 2 4 4 4 4 4 3 2 4 4 2 2 3 4 1 3 2 4 4 5 3 4 2 3 4 3 4 2 2 3 4 1 4 3 1 3 2 4 3 1 2 2 4 4 4 4 4 4 4 2 3 4 3 3 2 4 4 2 4 4 4 4 2 1 4 5 5 4 4 2 4 2 4 4 2 2 5 3 3 5 2 1 2 2 4 5 2 5 5 1 1 3 5 4 1 4 5 5 3 4 2 2 2 2 2 3 2 2 2 2 2 2 3 4 2 4 5 2 5 1 3 2 3 5 4 4 2 2 5 1 3 5 2 2 4 3 4 5 2 2 4 3 3 1 5 4 2 4 5 2 4 4 4 5 3 4 5 1 4 3 5 3 5 4 3 4 3 2 2 4 4 1 3 1 2 2 3 5 1 4 5 4 3 2 4 4 4 4 3 5 2 3 4 4 2 3 4 2 4 2 3 1 5 4 3 2 4 5 4 2 5 4 5 4 3 3 1 4 4 5 2 5 4 3 3 4 1 4 4 2 4 4 4 5 2 2 4 2 4 4 3 2 3 2 2 1 5 2 4 4 3 3 4 4 2 5 2 2 2 3 3 4 3 2 4 3 3 2 3 3 2 4 2 2 3 4 5 2 4 4 4 1 4 2 3 2 4 1 3 3 5 2 4 3 2 5 2 4 4 2 1 5 2 4 1 2 4 1 5 1 5 5 2 3 1 4 2 3 2 4 2 4 1 5 2 3 4 1 2 4 5 4 4 5 4 2 4 1 4 1 4 5 4 2 4 2 1 3 2 4 4 3 4 4 2 1 3 1 5 2 1 5 2 5 1 5 5 1 2 3 2 3 5 2 2 2 1 5 3 5 2 1 4 3 3 5 2 3 4 1 1 2 4 3 4 4 3 3 2 2 2 1 3 2 4 1 4 4 5 2 3 4 5 2 3 3 4 2 2 4 3 2 1 4 4 2 5 2 2 4 4 2 4 4 2 5 2 4 3 5 5 3 3 3 3 3 5 2 1 5 4 2 2 2 4 1 2 2 1 4 1 4 2 4 2 5 2 2 2 4 2 1 3 2 1 5 4 2 1 2 2 1 2 2 2 2 2 1 5 2 4 1 5 2 4 5 4 5 4 1 2 2 5 3 4 5 4 1 2 4 5 4 5 2 4 3 1 2 2 4 4 4 3 4 5 3 3 4 1 1 1 4 1 5 5 5 5 3 4 2 1 5 3 2 1 3 4 3 2 4 3 2 1 4 5 2 2 2 4 1 2 3 4 5 3 3 2 3 3 4 4 3 2 5 3 4 4 5 5 2 4 2 3 3 1 1 2 2 5 4 5 1 2 2 4 3 2 1 2 1 1 3 3 3 1 2 5 4 4 5 1 4 2 4 5 2 3 2 4 4 3 4 2 2 2 2 1 4 3 1 3 2 2 4 3 5 4 4 1 1 4 2 2 3 4 2 2 4 4 5 5 3 4 4 5 2 2 4 4 1 2 1 1 5 3 2 4 5 4 2 2 5 4 4 2 5 5 4 1 4 2 3 3 4 5 5 5 3 3 4 5 4 2 5 5 4 4 5 1 4 1 2 5 2 5 5 5 4 1 1 2 3 5 4 2 2 4 4 4 3 4 4 2 5 1 5 2 5 1 5 3 4 1 4 2 3 5 2 3 2 4 2 3 4 4 2 3 2 5 4 4 1 4 2 4 4 3 4 2 2 3 3 1 3 4 2 2 2 3 1 1 3 3 2 2 3 5 1 4 4 4 3 5 4 5 4 1 5 1 5 2 3 1 4 1 4 4 3 2 5 1 2 2 4 2 2 4 1 2 5 1 1 2 3 2 1 4 4 4 3 5 3 1 4 4 5 3 2 5 5 2 4 4 4 2 4 4 4 5 1 1 4 4 1 1 5 3 5 4 3 2 1 3 3 5 1 4 1 5 3 2 2 2 4 4 1 1 5 1 1 4 3 4 4 4 3 5 4 3 1 2 4 2 4 2 2 2 1 4 2 4 2 3 5 3 1 4 3 1 2 4 4 1 2 5 3 5 1 2 4 2 4 3 2 1 4 3 4 2 3 5 1 2 1 5 5 2 2 4 4 2 3 4 4 3 1 3 4 4 4 5 4 5 4 5 5 5 5 2 5 3 4 4 5 3 5 2 1 2 2 3 3 1 2 2 4 5 5 2 4 1 1 3 2 2 2 1 5 2 3 3 2 4 2 5 1 4 4 2 5 2 2 2 4 5 5 4 3 4 3 3 2 4 3 2 1 4 2 1 2 2 1 4 2 1 2 2 3 4 4 5 3 4 5 3 3 5 2 3 5 2 5 4 3 2 5 2 5 1 2 3 4 2 5 5 2 1 5 2 2 4 1 2 4 2 5 5 1 5 4 2 2 2 3 2 4 3 4 1 3 2 1 2 4 3 2 3 2 4 5 2 2 3 2 3 1 5 3 4 2 1 2 3 4 2 2 3 4 2 4 2 3 4 5 4 4 1 3 1 4 3 2 3 3 2 5 5 2 4 2 5 4 2 2 5 3 5 4 4 4 3 5 3 4 4 2 2 2 3 4 1 4 1 1 5 5 1 3 1 1 5 4 4 1 1 2 3 2 3 4 4 5 5 4 4 2 1 3 5 1 4 2 5 1 5 4 2 1 2 4 5 5 1 2 3 3 1 3 4 2 4 4 2 2 4 2 5 3 4 1 3 2 4 5 4 3 5 1 1 2 4 5 3 3 4 3 3 1 4 3 3 2 5 1 3 4 5 4 4 2 2 4 4 1 2 2 4 1 2 3 4 5 2 2 5 5 3 2 1 2 2 2 4 3 3 4 2 5 2 3 3 5 5 1 2 4 3 3 4 3 4 3 2 1 5 5 4 4 4 3 3 3 4 2 1 1 5 4 3 2 1 4 4 2 4 5 2 5 5 3 4 2 5 3 5 4 3 2 2 4 4 4 5 3 5 1 2 4 1 3 3 5 4 4 1 4 5 4 4 2 2 3 2 3 2 2 5 2 4 2 1 2 2 2 2 2 5 4 3 5 5 4 3 2 2 2 1 4 5 4 5 2 1 5 4 5 2 4 4 4 1 2 3 2 3 5 1 1 1 3 3 1 1 4 3 2 2 4 5 5 4 3 5 5 4 4 2 4 1 2 5 2 5 3 2 1 2 3 1 2 4 2 3 2 3 2 4 4 4 3 2 2 4 3 4 5 1 5 4 5 4 1 4 3 2 2 2 2 2 2 4 5 1 5 3 5 4 4 1 2 1 4 5 4 3 3 1 3 5 5 2 5 3 4 5 1 3 1 5 2 2 3 2 4 2 2 4 4 4 5 2 5 3 2 4 2 4 4 1 2 1 4 4 4 3 2 1 4 3 1 5 4 2 2 4 1 5 4 3 3 2 2 2 3 3 1 5 2 2 5 5 1 4 4 3 5 1 4 4 2 4 4 4 2 2 4 3 3 2 5 4 3 1 3 4 2 4 2 4 2 4 3 4 4 2 2 2 4 2 5 2 1 2 2 2 3 2 2 5 3 4 3 4 2 2 4 1 3 3 3 5 4 3 2 3 3 5 3 5 1 2 4 3 4 4 5 2 2 2 5 5 5 4 3 3 1 2 5 2 3 2 4 3 2 2 1 5 2 2 2 2 2 2 2 5 2 1 3 2 2 5 1 3 2 2 3 3 5 4 4 2 3 3 2 4 3 2 5 4 5 2 3 3 3 3 3 4 5 1 4 5 3 4 2 1 3 3 3 4 1 4 1 1 2 2 5 4 2 2 3 1 4 2 5 5 4 2 5 3 4 3 3 2 2 4 4 4 5 1 4 2 3 4 4 2 4 5 5 5 3 3 4 2 2 3 3 2 2 4 3 2 1 2 1 3 3 2 2 5 2 2 1 1 4 1 5 2 4 5 5 4 3 1 4 1 4 2 4 3 1 5 1 4 4 5 5 2 4 3 4 2 4 1 1 2 2 5 1 4 3 2 5 2 5 4 5 5 4 3 4 4 3 4 1 4 2 1 4 2 4 4 3 5 3 3 3 2 3 4 3 2 2 3 5 4 3 5 2 2 5 3 4 4 1 2 3 5 4 4 4 1 5 2 1 5 2 2 4 5 5 4 2 2 2 1 5 2 4 1 2 1 2 4 3 4 3 4 2 1 1 5 3 5 2 4 5 5 3 5 5 4 5 4 4 2 4 3 4 2 3 1 3 4 3 5 3 4 4 5 2 3 1 4 2 3 1 3 4 4 3 4 2 5 5 4 1 4 4 5 2 2 4 3 3 4 4 4 4 3 2 2 3 5 2 1 2 1 3 4 2 2 5 5 2 1 5 3 2 1 5 3 2 2 2 4 4 2 3 3 1 4 2 2 2 3 2 4 3 4 2 5 2 2 1 2 4 3 4 4 4 3 4 3 3 4 5 5 2 1 5 2 1 3 5 3 2 5 4 3 4 3 3 4 3 5 2 5 1 4 4 1 3 2 1 4 2 5 3 1 5 3 3 2 5 2 4 2 2 5 2 4 5 1 3 2 3 2 2 4 1 4 4 3 3 4 5 3 4 4 2 5 4 3 4 5 2 3 2 1 5 2 1 2 2 4 3 4 2 3 1 1 4 3 3 1 5 4 3 1 1 2 4 4 3 3 3 1 2 1 4 2 3 4 2 5 3 2 2 3 4 4 2 2 3 4 2 4 2 4 4 2 4 1 3 2 4 2 4 2 1 4 4 2 5 1 3 3 1 1 1 5 4 2 2 3 4 3 3 4 3 2 1 2 4 5 2 1 3 5 2 1 2 2 5 4 4 4 2 5 5 3 1 2 3 1 4 3 4 4 3 4 5 5 4 5 2 3 3 5 3 2 2 5 4 4 3 4 2 2 2 5 4 2 3 5 3 5 4 3 3 5 1 3 4 2 5 3 3 2 3 2 2 4 1 2 5 5 4 2 1 1 5 2 4 4 3 2 3 5 5 3 4 4 3 1 3 2 4 5 4 1 4 2 3 5 2 3 2 4 3 5 4 4 3 2 1 4 3 2 3 4 1 4 4 3 2 4 5 1 3 3 2 5 2 2 2 3 5,1089 2207 1607 2315 1285,1089 2207 1607 2315 1285,84.18282639999961,0.0018861066944427,0.0017337960245714,0.002333312258953,-0.1399235569072144
meld_e,9958,7,4 4 1 2 1 1 2 1 2 6 7 5 7 1 2 2 2 7 5 4 2 3 1 1 4 2 6 6 7 3 3 2 1 6 7 3 1 1 2 1 1 4 3 1 4 5 6 1 7 7 1 1 1 4 4 2 4 1 6 4 1 7 3 6 1 5 4 4 2 2 3 6 2 4 1 3 2 1 6 5 7 2 1 1 2 7 1 4 7 6 2 5 4 1 6 1 6 5 1 6 4 2 4 1 1 5 4 1 7 7 1 1 6 1 6 2 2 5 5 5 1 3 5 6 4 1 2 6 3 5 1 2 1 5 3 6 6 1 2 3 7 4 5 5 1 4 6 1 4 1 5 6 3 6 1 3 2 1 3 1 5 1 1 1 1 2 3 1 5 2 3 6 6 4 1 4 1 4 7 1 4 4 3 4 5 1 1 4 5 2 1 6 1 3 5 3 4 3 3 1 1 4 4 3 3 1 3 3 1 1 4 4 3 3 6 5 7 2 1 1 2 5 1 7 1 1 6 1 5 1 2 1 6 2 6 1 3 1 3 1 4 7 1 2 1 6 1 1 1 4 4 3 3 7 6 1 1 1 1 4 3 2 6 3 6 4 3 2 1 3 5 3 3 1 3 3 3 5 1 7 4 6 2 7 2 4 1 3 3 3 3 2 1 2 3 3 3 3 5 1 3 2 2 1 4 2 1 4 5 4 3 6 2 4 4 7 4 1 1 3 5 5 1 4 1 1 1 4 1 2 2 5 2 1 6 5 7 3 1 1 5 6 1 1 3 1 3 4 1 3 3 1 5 4 5 2 3 6 6 3 2 6 3 4 3 2 1 2 6 6 1 2 1 1 2 1 3 1 5 6 6 3 1 1 1 1 2 1 7 5 2 1 5 1 1 2 6 1 3 5 3 1 1 1 2 2 7 2 2 2 6 1 4 1 3 6 2 5 2 3 2 1 3 1 4 1 2 5 1 5 5 1 3 3 3 4 2 6 3 1 2 7 1 5 4 2 5 2 4 6 6 1 3 6 6 5 1 3 2 1 1 1 1 2 1 2 3 4 4 1 1 2 5 6 1 2 2 6 3 7 7 7 1 6 1 5 6 1 4 6 2 1 1 3 3 1 1 3 7 3 4 3 3 4 2 7 7 6 6 2 4 2 1 1 6 6 7 5 5 4 1 1 6 1 6 2 5 1 1 1 4 2 2 7 6 4 3 2 3 4 4 5 1 2 1 2 7 1 5 3 3 1 3 6 3 3 5 1 1 1 2 4 4 3 6 2 4 4 4 4 3 6 6 1 6 7 1 3 6 3 1 1 4 7 2 2 2 3 2 3 1 6 7 5 2 1 1 7 2 2 1 3 2 4 5 2 3 2 4 2 3 1 1 5 4 2 2 1 4 1 4 3 2 5 1 1 4 1 3 2 1 6 3 1 2 2 5 3 2 1 1 1 2 2 1 5 5 4 7 6 1 2 6 1 2 4 2 4 1 5 7 3 2 2 2 4 1 1 1 1 5 1 1 1 2 3 4 1 2 3 1 4 4 1 1 5 6 2 7 1 2 2 1 6 6 1 1 4 4 1 4 1 2 7 1 1 3 1 4 6 3 4 6 1 6 6 4 2 4 5 2 5 1 6 4 1 1 3 1 1 5 7 3 2 1 7 4 4 3 2 1 3 4 6 4 1 1 7 1 3 2 4 2 7 1 4 2 5 6 2 1 1 4 1 5 2 1 6 1 1 1 3 6 1 3 1 4 1 3 7 5 6 6 1 4 1 3 2 2 2 1 4 2 3 1 4 1 6 1 1 4 1 7 7 2 5 3 1 2 1 2 5 3 2 6 4 1 1 7 2 1 5 2 5 5 2 3 6 2 2 1 3 4 4 3 1 2 2 1 1 2 3 7 7 7 1 4 2 3 1 2 3 1 1 7 6 2 2 3 3 2 1 6 3 4 5 1 1 5 7 2 5 4 2 2 6 1 1 3 1 2 3 6 1 6 2 7 1 1 1 5 3 3 1 1 3 1 1 4 2 7 1 1 4 2 7 2 1 5 6 7 1 4 4 3 2 7 7 7 3 6 3 7 6 4 7 2 1 2 1 4 1 4 1 1 6 3 7 1 2 3 5 3 4 1 3 6 3 6 7 5 2 3 5 1 3 2 1 3 7 7 3 3 3 4 4 4 1 3 3 7 4 1 6 2 4 4 1 7 3 2 2 3 4 6 2 1 7 3 3 1 1 1 5 3 5 3 4 3 2 4 4 5 1 1 1 1 3 1 1 2 3 3 2 7 4 5 3 4 2 1 3 2 2 3 1 1 3 2 4 2 5 1 2 7 1 1 2 1 4 6 5 1 2 1 1 7 4 1 2 2 3 7 1 2 5 5 2 7 5 7 5 6 4 4 1 3 4 3 1 1 4 1 2 6 1 1 1 2 6 1 3 7 3 2 7 1 5 5 1 1 2 1 3 3 7 4 2 3 3 4 7 3 7 1 4 6 6 1 1 3 2 3 6 4 7 1 3 5 2 7 4 4 5 1 5 6 3 6 2 1 6 4 6 1 1 1 4 2 1 2 2 5 3 6 1 1 1 6 1 1 1 1 3 2 4 1 4 1 1 5 3 2 3 6 3 1 7 1 1 1 1 4 3 5 2 4 1 3 1 5 6 3 7 5 1 2 3 2 1 5 1 6 4 1 1 5 5 1 2 3 1 1 2 1 3 7 5 1 1 1 4 5 1 4 2 4 4 1 3 1 4 1 3 5 5 2 3 6 2 1 4 1 6 1 2 1 2 6 6 5 1 2 2 4 4 5 6 6 7 4 3 7 1 1 1 2 1 2 1 2 1 1 6 4 5 2 5 1 5 3 7 1 6 7 6 2 1 1 4 1 1 1 4 2 2 4 7 5 4 6 7 1 4 2 7 1 4 1 1 1 1 5 5 6 2 6 4 1 4 5 4 3 7 1 2 1 5 6 1 7 1 5 2 3 5 1 5 7 3 3 4 1 1 1 3 4 4 1 1 1 1 4 1 3 1 1 1 3 2 2 7 4 1 5 1 5 2 3 6 4 1 1 5 4 4 2 5 7 4 1 5 1 7 1 7 6 7 4 3 6 2 1 3 2 6 3 1 3 3 3 2 1 2 1 3 3 5 2 1 5 1 2 2 3 5 5 5 1 1 4 6 1 3 1 3 2 5 7 5 1 5 2 3 1 3 1 1 3 1 7 1 3 1 6 2 2 3 4 4 6 3 3 4 1 1 1 4 1 3 1 4 1 2 3 5 5 4 1 2 4 1 2 1 7 1 6 2 7 2 4 1 2 6 2 3 1 3 2 2 7 4 3 1 2 4 4 4 2 5 2 7 2 1 6 6 3 7 7 1 1 7 1 1 4 4 2 4 2 1 1 1 1 5 4 3 1 1 7 3 5 1 3 1 2 1 6 1 4 7 1 3 1 5 3 3 5 1 4 2 4 2 5 3 5 6 1 4 1 6 7 1 2 6 3 2 2 3 1 1 4 1 4 4 3 1 1 5 6 1 6 2 1 7 2 4 3 1 2 6 4 7 1 1 3 4 1 2 4 1 2 1 1 4 1 6 1 3 2 5 3 1 7 1 3 1 1 5 2 1 2 1 1 1 3 5 1 1 2 6 4 7 2 2 1 6 4 5 4 4 2 1 2 1 2 1 2 5 1 2 6 2 1 5 1 2 2 3 3 1 5 1 4 2 6 4 3 1 6 3 6 3 5 2 5 4 5 1 1 1 1 1 1 5 1 4 1 7 4 1 2 3 3 3 4 5 3 4 2 3 2 2 5 7 7 1 4 7 1 6 4 1 6 1 1 1 2 3 3 1 1 7 1 7 3 6 4 1 1 1 3 7 1 3 6 7 1 1 1 1 5 1 2 7 4 1 1 5 3 4 5 3 2 1 4 5 5 5 1 6 5 7 1 2 3 1 2 3 6 1 2 2 1 1 6 1 1 2 1 7 4 4 1 2 2 2 4 3 3 6 1 2 3 7 1 3 1 1 1 3 4 7 2 1 3 3 2 3 2 2 7 5 3 1 1 5 6 5 6 7 3 1 6 2 4 5 1 3 6 2 2 7 1 7 3 1 7 3 1 1 7 3 5 1 1 1 3 3 3 1 2 1 1 3 6 4 3 2 4 7 7 5 1 1 2 6 1 2 2 1 2 5 2 1 1 4 6 5 2 1 5 1 1 7 1 4 1 5 2 7 3 6 4 1 1 1 1 1 2 5 5 1 3 4 4 4 4 4 4 2 2 1 1 1 3 3 1 1 6 1 2 6 6 5 6 4 4 1 1 4 7 4 2 7 5 5 4 5 6 4 1 5 1 4 2 5 3 1 5 3 3 6 5 1 4 3 7 3 4 6 1 7 1 7 4 2 3 1 1 2 7 1 4 2 2 5 1 1 1 4 1 6 5 7 1 1 1 6 2 7 3 7 4 1 6 3 6 7 4 3 7 1 5 4 1 1 3 4 7 5 4 6 3 2 5 5 1 2 1 1 1 1 3 6 1 6 1 6 3 1 2 1 2 1 3 7 3 6 4 7 1 2 2 7 5 2 4 5 1 2 1 3 3 1 2 3 4 1 1 5 1 4 3 1 3 5 1 1 5 1 6 2 4 3 4 1 6 2 2 3 4 1 1 2 1 2 3 4 3 6 1 1 2 2 1 7 2 6 6 1 1 7 4 4 7 1 2 2 1 5 1 2 1 2 4 2 1 3 5 4 6 6 1 1 6 1 7 2 7 5 2 4 1 2 6 1 2 4 3 2 2 1 5 2 1 3 1 2 1 6 5 1 4 2 1 1 2 3 1 6 2 5 1 2 5 3 1 3 5 3 2 5 2 7 5 3 1 2 4 4 7 5 2 3 1 5 2 1 3 4 2 4 2 4 6 3 1 2 4 2 1 6 2 1 1 4 1 7 4 2 4 3 1 4 1 3 3 3 2 6 6 2 6 4 1 3 1 3 1 1 3 1 5 5 3 2 3 6 2 4 1 2 1 2 1 6 2 1 7 5 5 1 2 1 1 1 1 1 6 2 4 2 4 5 7 2 2 1 6 1 4 3 4 5 2 5 4 1 1 1 3 7 2 2 1 1 2 2 1 4 4 3 2 4 1 1 1 1 2 5 3 6 1 7 2 1 7 3 1 3 4 6 5 5 3 5 1 1 1 1 1 4 2 1 1 2 3 4 6 6 2 3 5 4 3 6 4 4 5 6 2 1 4 2 1 1 1 7 1 3 3 4 1 1 1 1 2 7 4 5 3 2 2 2 6 1 1 2 5 2 1 4 1 4 2 4 1 1 2 1 4 1 3 1 3 7 6 3 2 5 4 2 5 1 3 1 1 4 5 5 6 5 4 6 5 2 1 1 5 4 6 4 1 4 3 1 1 1 5 4 1 4 2 4 1 7 5 6 3 4 3 1 6 4 5 2 2 3 1 7 2 4 6 6 7 5 2 1 3 6 1 2 1 1 1 1 1 1 1 2 1 4 6 7 1 4 1 7 3 4 2 1 4 1 6 2 3 4 2 3 5 1 5 1 6 2 4 2 5 7 3 1 3 1 4 3 5 2 4 1 3 1 2 2 5 5 5 6 4 2 4 3 1 5 3 6 1 2 3 3 3 6 7 7 6 4 1 2 1 3 4 5 3 3 7 4 5 7 4 6 1 1 6 1 1 1 1 5 1 7 3 3 1 1 3 4 2 1 6 1 2 2 6 1 3 2 2 2 3 1 7 3 1 7 1 5 1 4 2 1 3 1 1 5 2 5 2 3 6 1 1 2 4 6 1 3 3 2 2 1 1 3 2 1 1 2 1 2 6 1 2 4 4 4 1 4 1 1 4 3 5 2 1 3 1 2 4 1 7 4 1 2 2 2 4 7 2 1 1 2 4 6 3 1 2 3 5 5 3 3 1 3 3 4 1 1 1 1 5 6 6 7 5 4 6 3 1 1 1 2 2 2 6 1 7 6 7 5 6 1 1 2 7 2 6 5 1 7 1 3 3 3 1 4 4 2 1 2 2 1 7 5 1 3 2 5 3 4 7 3 2 5 7 5 7 2 1 1 2 5 7 1 1 1 1 2 7 5 1 1 4 4 3 7 2 1 5 4 3 2 4 3 4 3 3 3 5 2 2 7 3 3 5 5 4 7 3 1 2 7 3 4 1 5 5 3 4 3 3 1 7 3 6 6 2 5 3 2 2 1 1 1 4 4 6 1 1 2 1 3 6 5 1 6 2 1 7 4 2 3 1 6 2 7 4 2 1 3 3 7 4 7 7 4 4 5 1 1 6 6 1 5 2 2 4 1 4 4 1 2 3 2 7 7 5 1 3 1 3 4 5 2 5 2 1 5 2 4 1 3 4 2 1 1 1 2 2 5 2 1 3 3 1 1 1 4 2 4 2 2 3 2 6 7 1 6 3 2 2 1 1 5 4 4 7 1 1 5 5 3 1 1 2 3 7 6 1 2 6 1 2 1 1 1 5 7 4 2 6 1 3 1 2 4 4 1 5 1 1 1 5 2 5 2 2 7 3 3 2 1 4 2 7 6 1 3 7 1 2 3 6 3 2 2 1 1 4 6 5 3 6 1 3 1 1 1 2 2 1 1 1 2 1 3 2 1 1 5 2 1 6 7 4 1 2 7 4 5 5 5 1 6 7 1 6 5 4 5 1 2 7 4 1 5 6 2 3 6 1 1 5 4 3 3 2 3 2 6 4 1 2 5 5 7 5 4 1 6 1 7 2 6 1 6 1 1 2 6 5 2 2 5 2 5 4 1 2 1 6 7 1 1 3 1 3 4 1 2 2 7 3 1 1 4 5 3 5 1 3 1 5 1 5 1 2 6 1 1 1 1 2 2 1 4 4 2 2 1 3 5 1 1 6 3 1 3 6 1 3 5 2 2 3 1 5 2 4 1 7 1 3 2 5 1 1 7 5 1 1 1 1 2 7 2 6 2 5 4 7 2 2 7 3 5 1 5 7 3 7 2 1 7 3 3 2 4 6 7 2 2 4 1 3 1 5 1 5 3 3 2 1 3 2 4 2 4 1 4 2 3 1 1 6 1 1 3 1 6 6 1 1 2 4 3 1 1 1 3 4 7 1 2 6 4 2 2 2 1 5 5 5 4 1 6 2 1 3 1 1 1 6 4 1 2 5 5 2 5 5 4 1 3 3 1 5 7 5 1 3 7 3 1 5 4 1 4 6 6 6 1 2 5 3 4 3 1 2 2 7 1 3 5 2 1 4 5 2 5 6 5 2 3 1 2 6 5 1 6 2 1 5 1 7 4 2 3 1 5 7 5 3 5 3 1 4 3 4 1 3 1 1 1 1 3 2 1 6 2 3 1 5 2 2 2 5 2 4 1 3 1 5 7 1 5 5 1 7 1 1 7 3 5 1 6 4 6 4 5 3 7 7 2 4 5 1 3 4 7 4 3 1 1 7 7 4 7 5 1 1 5 2 1 3 1 3 6 4 4 1 4 2 5 3 2 1 2 1 4 5 2 1 2 4 6 1 7 2 1 3 3 5 2 6 1 1 1 3 2 1 4 1 1 1 4 3 1 4 1 2 7 2 2 6 1 1 3 1 3 4 6 6 4 2 1 1 2 7 3 4 5 2 3 7 4 5 2 4 3 3 3 5 6 1 2 2 3 7 1 6 1 1 2 2 7 7 2 4 2 1 5 3 1 6 1 2 3 1 1 4 3 1 5 4 1 1 1 2 2 1 5 3 1 4 6 3 2 3 1 1 4 2 3 1 3 1 5 2 2 4 4 1 1 2 5 7 5 2 4 2 5 1 1 6 6 4 4 3 6 4 1 1 1 7 7 2 3 2 7 3 7 2 4 6 1 1 1 1 1 5 1 3 3 5 7 1 2 1 1 2 1 2 1 1 3 1 3 1 1 1 3 5 3 7 4 6 1 3 6 2 3 2 3 2 1 1 3 3 3 1 3 5 7 4 4 5 1 2 1 2 4 6 3 7 1 2 1 7 5 4 1 7 2 5 5 5 4 2 4 4 3 3 5 1 7 1 4 1 2 1 2 6 1 1 1 1 5 1 5 7 2 3 5 3 5 4 3 7 1 3 2 4 2 6 5 4 2 3 2 2 1 1 1 6 1 4 1 7 3 6 6 3 3 2 1 1 3 1 1 6 1 4 4 4 7 6 6 1 1 2 5 1 3 1 3 1 4 1 7 7 2 6 6 1 1 4 3 4 1 1 7 2 1 5 2 1 1 3 3 6 1 2 6 2 1 4 5 1 7 1 2 4 1 7 4 2 5 2 2 2 5 2 7 3 6 6 1 1 3 5 3 1 1 3 1 2 2 2 1 1 7 1 3 7 2 1 6 3 3 1 3 7 5 4 1 1 2 1 5 4 3 1 1 5 1 3 1 2 4 1 1 1 2 1 1 3 4 1 1 3 2 2 1 6 3 4 3 4 1 5 5 7 1 2 1 3 6 3 5 4 1 1 3 3 5 3 1 6 2 1 1 1 1 1 2 1 1 3 5 2 3 1 3 3 5 3 4 3 2 3 3 3 2 1 1 4 3 1 1 6 7 1 2 3 7 2 2 1 2 4 1 2 7 1 2 1 1 1 1 1 5 3 1 7 4 5 4 3 1 7 4 2 3 3 2 3 7 2 6 2 2 2 4 6 3 6 3 3 4 4 2 4 4 4 6 1 1 4 4 4 3 5 4 2 4 1 4 7 7 6 6 3 5 2 4 6 5 2 3 1 1 2 2 3 4 6 4 4 1 3 3 1 1 2 5 2 2 6 2 7 5 2 1 7 2 7 5 1 6 7 4 2 2 3 4 1 2 5 2 5 1 3 2 6 1 2 1 7 1 5 4 1 4 1 3 3 1 2 3 4 4 3 1 5 2 1 3 1 3 1 6 1 1 3 2 6 1 3 6 6 7 4 6 4 2 1 2 6 4 2 2 3 1 2 4 2 2 1 1 4 4 2 1 1 3 1 3 5 2 5 1 1 5 2 1 4 3 7 4 2 1 3 7 5 1 1 1 1 7 7 5 5 1 5 6 3 6 6 2 7 2 5 1 6 2 3 2 4 4 7 3 1 3 1 3 1 2 4 4 4 3 1 1 2 2 6 4 1 3 1 6 1 1 5 4 2 1 1 1 4 2 7 4 2 1 4 1 3 3 2 1 5 1 3 1 2 3 4 3 5 7 6 2 3 2 3 1 4 1 4 4 7 1 4 1 3 2 2 3 1 3 2 3 1 1 6 1 1 6 2 1 4 5 4 5 3 1 5 1 2 1 1 3 4 4 5 1 4 1 1 1 1 2 2 4 7 4 1 5 7 6 7 2 3 6 2 4 4 1 7 1 3 2 3 2 5 2 7 1 3 7 7 2 6 5 4 3 4 1 6 3 5 4 1 1 7 7 1 5 6 1 2 5 1 6 1 4 1 1 4 3 6 7 6 1 2 2 3 1 4 4 6 1 1 1 1 2 7 3 2 3 3 5 2 3 1 1 3 2 1 7 4 5 7 7 6 5 1 6 2 3 2 1 3 4 7 2 1 3 2 2 3 1 3 3 3 2 7 5 4 7 5 1 1 2 3 5 4 2 1 6 1 2 5 6 5 3 6 4 5 2 2 7 6 2 6 5 3 2 7 1 1 3 2 2 4 1 3 1 3 2 2 1 1 5 1 4 7 3 1 1 7 1 1 2 3 3 1 1 2 1 7 3 1 5 1 1 5 3 5 2 2 3 6 7 4 1 5 2 7 7 3 7 3 1 2 5 7 7 1 1 3 7 1 4 3 4 5 7 1 6 2 1 3 7 1 1 2 3 1 1 3 1 2 1 1 1 1 2 1 7 3 5 1 6 7 1 1 5 1 4 1 2 1 1 1 6 3 4 1 2 6 2 5 7 6 6 1 1 2 4 5 5 5 3 1 4 4 1 7 2 7 1 3 6 4 4 4 3 1 7 4 2 6 1 2 6 6 6 2 6 2 2 1 2 4 5 3 1 2 2 5 6 6 5 2 4 5 3 4 1 1 3 6 2 3 1 7 4 1 4 3 6 1 2 5 1 1 6 6 7 1 1 1 4 3 7 3 1 1 4 2 4 5 3 4 2 7 4 4 6 2 2 1 1 1 1 1 4 2 1 5 7 1 7 1 2 6 4 6 3 2 3 6 1 3 3 7 3 4 3 1 2 3 1 4 2 3 1 3 1 1 3 5 6 1 5 5 2 5 2 5 3 6 1 4 2 3 1 4 2 2 6 1 1 1 5 1 7 3 1 2 7 6 4 6 2 1 1 6 1 3 2 1 1 6 3 3 4 1 7 7 6 1 5 1 5 2 1 4 4 1 1 3 3 1 2 1 1 3 1 6 2 5 4 2 1 2 3 1 6 7 4 7 3 4 1 3 1 3 3 1 2 2 3 2 3 2 5 4 1 1 1 4 5 2 2 4 2 1 7 1 3 1 4 7 1 4 2 2 5 2 5 2 1 1 1 1 1 5 7 1 5 6 2 2 3 1 7 5 4 1 2 2 2 3 1 3 1 1 6 7 7 1 4 1 3 1 1 1 1 1 6 4 1 2 3 4 1 1 2 1 1 7 6 6 2 5 1 3 3 1 5 1 1 6 1 1 3 4 1 1 4 1 4 1 5 1 7 6 5 6 7 2 3 1 1 4 7 6 1 1 3 5 5 4 2 1 2 7 1 3 1 4 4 5 3 2 5 2 5 1 1 1 1 3 3 4 6 2 4 1 1 2 2 1 2 3 6 7 1 5 3 3 7 7 4 2 6 1 1 1 4 5 1 1 7 1 7 1 4 1 1 2 1 1 4 7 4 5 1 2 4 3 1 6 1 3 3 2 6 4 2 2 5 1 5 1 7 1 3 1 2 5 1 2 4 4 5 4 4 1 4 6 1 6 5 1 1 6 7 2 3 3 6 1 1 1 5 1 3 4 1 1 3 4 1 2 6 4 7 7 7 5 1 1 7 3 4 5 4 7 4 2 5 4 1 3 4 1 1 3 5 5 2 3 1 1 6 1 6 2 2 4 4 7 4 3 5 1 4 3 2 3 2 1 5 2 7 5 4 2 1 1 2 1 1 5 1 1 4 1 6 1 3 1 4 5 2 6 5 7 4 3 4 4 1 2 3 1 2 5 2 2 4 1 1 1 2 1 3 6 1 1 1 4 4 1 1 4 6 4 4 7 1 3 6 7 3 1 5 4 3 5 7 1 3 2 2 3 2 1 3 5 1 7 5 3 1 5 2 2 5 1 2 2 1 3 3 7 3 1 2 1 1 1 3 2 5 1 2 1 2 4 1 6 3 2 2 6 1 3 1 4 1 1 1 4 2 2 6 1 4 2 7 1 1 1 1 1 1 2 6 2 5 7 4 5 5 4 6 1 6 2 5 2 5 2 3 1 1 6 2 4 4 3 4 7 1 1 1 2 2 4 2 2 6 7 7 6 1 2 1 1 1 5 7 2 1 2 1 6 1 7 4 2 1 3 1 7 2 7 2 2 1 2 6 4 1 1 6 2 1 7 6 3 7 2 5 6 5 3 4 1 7 2 3 7 7 1 1 5 1 1 1 1 7 4 2 6 4 4 7 1 1 3 4 4 6 2 3 5 1 5 3 1 1 2 2 3 5 4 3 1 7 7 3 1 4 2 3 2 7 5 1 3 1 4 1 5 1 1 3 7 4 2 4 2 1 1 4 4 7 7 1 7 6 3 2 3 6 3 7 1 2 3 2 1 2 2 1 2 1 6 5 3 1 2 4 3 3 1 2 3 1 7 7 4 1 5 1 1 6 4 1 4 5 1 4 3 1 1 3 3 1 1 1 3 5 5 6 3 1 4 6 4 1 3 1 1 4 2 6 5 3 2 4 5 1 1 2 1 7 7 6 6 1 1 1 5 6 5 7 3 4 3 1 6 1 1 4 1 6 4 3 6 2 5 7 3 1 5 1 3 3 2 1 3 4 2 1 1 1 3 3 1 1 7 5 1 1 4 3 1 5 2 1 4 6 1 3 5 2 1 1 5 5 4 1 3 3 1 3 6 5 2 5 3 4 1 3 1 7 2 1 1 5 1 2 1 2 4 6 2 6 1 1 6 3 1 5 3 1 3 7 1 6 2 3 7 1 4 6 4 6 2 3 1 4 1 5 1 5 3 4 1 7 1 3 1 1 1 2 4 1 3 6 3 1 1 6 1 3 1 6 2 3 1 2 1 1 1 1 2 5 5 2 4 6 1 2 5 1 5 2 1 2 3 2 4 2 4 1 1 3 1 7 1 1 3 4 7 7 4 2 1 2 5 2 2 7 4 3 1 1 5 5 3 7 5 4 2 2 5 3 7 5 2 7 4 3 6 2 7 1 3 4 6 2 3 2 3 7 1 1 3 1 1 3 4 6 4 4 4 1 1 1 1 1 4 4 3 4 2 5 5 7 2 1 4 1 2 5 2 7 3 4 1 1 2 6 2 5 2 3 6 1 7 3 1 2 6 2 1 3 3 1 1 2 1 5 5 4 1 6 2 3 3 2 6 2 2 7 5 4 7 1 1 1 3 7 7 3 2 7 1 5 1 3 3 7 5 7 6 5 6 3 5 5 7 2 5 1 3 1 2 3 3 3 5 1 1 3 6 2 5 1 6 3 1 1 1 2 2 3 3 2 3 5 1 3 2 1 6 1 4 6 5 1 6 1 3 5 2 7 1 5 5 1 1 4 7 2 3 1 2 6 6 1 7 1 2 4 2 2 2 1 5 1 6 4 6 2 6 2 1 7 2 1 6 1 2 2 2 1 4 5 6 2 2 1 3 4 2 1 1 1 4 4 1 1 5 3 7 7 2 1 6 2 5 7 1 2 3 1 1 1 7 3 3 3 4 1 1 3 1 5 6 1 1 1 2 1 7 3 5 2 2 6 1 1 5 1 6 6 2 4 7 1 5 6 2 4 2 1 6 1 1 4 3 7 1 4 1 7 6 2 2 5 3 7 1 3 3 1 7 2 4 2 3 4 1 4 6 1 1 1 2 6 3 3 7 2 1 5 1 4 4 2 7 2 3 5 6 4 2 7 6 3 4 4 1 3 1 1 5 1 1 4 1 1 1 3 1 3 7 2 2 3 1 4 1 3 2 5 1 7 3 1 3 7 2 1 4 4 1 3 6 4 1 7 1 3 3 1 2 2 1 3 2 3 1 7 1 6 4 6 3 4 6 3 3 3 7 1 3 1 7 5 3 2 3 1 5 2 1 3 3 2 1 1 2 2 5 1 1 5 1 2 2 3 4 3 5 3 3 7 1 3 1 2 1 2 3 2 1 7 5 5 1 1 4 1 5 5 5 3 2 7 1 6 3 4 3 5 1 3 7 1 2 6 6 5 3 3 2 3 6 5 3 5 3 2 1 2 1 1 2 2 3 4 2 5 1 5 3 6 6 4 7 3 2 3 7 4 7 7 2 6 7 1 2 4 1 1 4 2 5 1 7 1 4 1 1 1 7 1 1 5 1 2 3 5 1 1 4 6 7 5 1 3 3 2 6 3 1 1 6 1 4 3 2 4 1 4 4 1 6 6 4 5 2 1 2 5 1 5 3 1 3 7 6 1 5 5 1 4 7 1 3 1 1 7 1 1 3 4 1 7 1 3 5 1 5 3 4 1 1 1 1 1 7 2 1 1 3 7 3 1 1 1 1 3 1 4 5 7 1 2 4 4 6 5 2 1 2 1 1 1 5 5 3 2 1 4 3 2 1 3 6 7 4 4 1 1 1 4 3 1 4 4 7 3 3 1 1 2 1 4 4 1 2 1 4 6 1 1 4 3 1 7 6 4 1 1 1 5 2 3 6 1 6 2 3 4 4 4 3 4 7 5 6 3 3 1 1 7 6 2 3 1 2 1 7 2 1 3 5 1 2 6 7 3 4 5 1 6 3 4 1 3 2 4 1 5 2 1 1 7 1 2 3 2 7 4 5 3 1 2 4 1 4 2 2 2 5 3 1 1 1 5 5 1 5 2 1 6 3 3 3 1 6 6 3 6 1 2 1 1 3 3 4 5 5 1 1 6 6 2 3 7 3 4 4 3 2 1 2 2 2 1 5 2 3 6 5 5 1 4 2 3 2 6 5 6 6 3 1 3 1 7 3 3 7 2 3 3 4 1 3 3 1 3 4 1 5 1 6 1 5 3 3 7 3 6 7 2 3 4 4 5 1 1 7 1 2 2 1 4 3 2 1 1 1 2 4 1 3 7 1 1 1 6 1 2 3 1 1 2 5 2 7 2 2 6 2 5 3 2 3 3 3 1 1 1 3 3 6 3 3 1 3 5 1 1 1 5 6 1 3 7 1 1 3 6 3 1 4 4 6 1 1 7 3 2 1 3 4 6 2 1 1 2 4 5 3 3 7 1 3 2 2 3 2 4 6 7 1 3 7 1 1 1 5 1 5 5 3 1 1 7 3 7 1 1 4 1 2 3 1 1 3 2 1 1 2 7 5 2 4 2 1 5 2 5 7 4 4 6 2 7 4 3 2 1 1 2 5 1 1 5 1 5 1 1 4 1 1 5 4 6 5 7 2 6 5 1 1 4 3 2 6 3 4 2 5 1 3 1 1 7 3 6 5 6 1 3 5 4 6 3 7 2 3 5 3 2 4 1 3 3 1 1 2 2 1 4 5 4 6 1 3 3 4 7 3 4 1 3 2 1 6 1 3 1 2 5 1 4 1 5 2 7 4 7 4 1 1 2 1 7 6 3 2 1 1 1 5 1 2 1 1 6 2 1 5 3 2 1 2 4 3 2 1 1 1 2 1 3 7 2 1 5 3 1 1 4 4 2 6 5 4 1 4 5 2 2 3 2 1 6 1 4 7 1 3 1 7 4 3 2 7 1 7 1 1 4 4 5 4 4 2 5 2 4 5 6 7 6 6 1 5 1 6 1 2 1 5 7 1 4 1 2 1 6 2 2 6 1 1 2 1 6 2 2 1 3 1 1 1 4 7 2 3 7 4 2 5 3 4 5 2 4 2 4 4 1 4 5 5 1 3 3 1 6 7 4 7 1 1 4 1 2 1 6 2 4 1 1 4 6 1 2 3 1 5 3 2 1 2 4 6 5 3 2 1 6 3 4 3 4 1 2 4 1 6 1 5 1 3 6 3 4 3 2 1 1 6 3 4 1 1 6 2 6 7 2 2 5 2 1 4 1 2 1 1 1 7 1 3 7 4 6 1 4 1 4 6 1 3 1 1 3 5 4 4 1 1 6 2 2 1 7 4 1 1 4 4 1 4 6 5 4 1 3 1 3 6 6 6 2 1 1 7 2 5 4 2 1 2 6 3 4 6 1 5 2 1 5 1 2 3 1 1 4 3 1 1 3 1 5 1 6 4 7 5 3 1 3 1 6 4 1 5 1 7 1 1 5 1 4 5 1 1 2 3 3 1 1 3 7 5 5 2 1 1 7 3 7 1 1 3 3 2 2 4 6 3 2 5 6 1 3 4 7 4 2 2 1 1 7 1 1 7 3 5 5 3 1 3 4 2 1 1 6 1 3 1 4 2 5 3 3 1 5 1 4 5 1 4 4 2 1 3 5 1 3 7 1 2 7 3 4 3 4 1 3 3 5 2 1 5 6 1 2 5 4 1 1 5 2 6 5 1 2 2 5 7 1 6 5 2 5 3 1 3 2 1 2 1 5 6 2 3 5 4 5 6 5 3 1 1 1 6 1 3 7 4 6 1 7 5 4 2 4 1 1 1 1 4 1 1 7 1 3 1 5 4 3 5 2 5 6 1 4 3 3 4 6 7 7 2 3 3 1 4 7 1 4 1 1 3 1 7 4 4 4 1 4 2 4 3 3 5 3 2 1 2 3 4 3 2 6 1 1 5 3 1 1 3 1 6 1 4 1 1 6 7 5 4 4 1 1 5 2 1 2 1 1 1 1 1 4 2 2 1 5 1 7 4 5 3 1 2 1 2 1 5 7 3 1 1 1 1 3 6 5 5 4 3 1 4 5 6 2 1 1 6 3 1 1 2 2 2 7 1 1 1 2 1 6 2 2 1 2 2 3 5 1 5 7 1 1 3 3 3 1 1 5 5 5 7 3 5 2 2 2 2 4 2 7 1 7 5 3 1 7 5 1 5 1 1 5 2 4 1 1 3 4 2 3 1 1 2 2 6 1 3 1 5 1 2 6 7 1 2 1 2 2 1 1 1 3 2 7 4 7 1 3 5 6 3 1 1 2 3 1 5 3 1 1 2 2 1 5 1 2 2 2 1 5 2 4 2 1 7 7 1 3 4 6 1 5 3 5 1 1 2 6 3 3 2 5 7 1 3 2 2 3 3 1 1 5 6 3 4 1 2 3 1 3 6 1 3 1 1 1 7 4 1 2 3 2 2 3 4 2 6 1 2 1 1 6 2 4 5 6 1 3 6 6 1 1 1 6 1 1 2 4 6 5 2 2 1 5 6 1 1 2 1 2 5 3 6 7 3 1 1 5 1 2 4 2 7 3 1 3 2 1 6 1 1 4 4 6 7 7 4 1 2 6 1 4 1 3 6 1 3 4 3 1 7 1 5 4 2 6 2 7 6 3 5 5 2 1 7 2 7 7 4 4 7 1 7 3 1 1 5 1 2 2 3 4 2 1 1 1 1 1 4 7 7 4 3 4 4 7 1 5 1 5 1 3 1 4 1 6 4 4 3 4 6 1 1 1 3 4 1 1 1 5 6 4 7 5 1 5 3 1 2 5 3 1 4 7 3 4 3 1 1 3 2 1 4 3 1 3 1 1 1 2 1 1 2 4 3 7 5 1 5 4 6 1 2 4 5 1 1 1 7 2 6 4 4 4 4 3 7 3 6 1 4 1 5 6 7 1 7 5 1 1 1 4 1 1 7 4 4 4 4 1 3 4 6 2 3 1 1 4 1 2 7 1 1 2 3 1 4 4 2 1 6 3 7 2 3 4 6 5 1 3 1 7 1 3 2 1 2 3 1 2 3 1 4 5 2 2 1 5 7 1 4 3 1 1 1 4 3 2 1 5 2 4 2 5 2 5 7 1 1 1 3 4 7 1 3 7 7 2 4 7 5 3 1 5 4 3 2 6 1 3 5 7 6 2 4 3 4 1 2 3 1 1 1 1 1 4 2 4 4 4 7 1 5 3 1 1 1 1 1 4 2 1 6 2 6 3 1 2 5 6 1 1 1 2 1 1 6 2 5 5 3 2 2 3 1 2 3 1 1 2 1 1 4 2 1 2 3 1 2 5 6 5 1 1 4 2 2 1 1 7 1 1 5 2 1 2 1 6 2 5 1 6 5 6 3 4 3 5 7 1 3 1 5 3 6 1 1 3 2 1 7 5 2 1 1 5 3 4 1 4 3 5 1 1 2 2 5 2 1 7 1 1 6 1 1 5 6 3 1 1 4 6 7 2 1 1 2 1 4 6 5 1 1 5 2 3 1 5 2 1 4 5 4 5 3 6 1 5 6 3 2 4 2 3 5 1 3 1 5 3 3 1 3 2 3 1 1 3 2 3 3 7 1 2 1 7 1 6 1 2 4 3 6 2 6 7 5 1 3 3 2 1 4 3 1 5 3 1 1 1 2 1 5 2 3 4 4 5 1 3 1 1 7 3 3 1 5 6 3 2 3 4 6 1 1 4 7 1 7 4 5 7 1 2 2 2 1 6 7 7 6 3 5 2 3 1 1 2 5 1 1 6 6 2 1 2 6 7 2 1 6 5 7 1 1 2 4 2 1 2 3 2 4 2 3 6 1 3 1 1 6 6 7 1 6 4 3 2 5 1 4 2 5 1 1 1 3 5 1 1 1 2 2 2 6 2 1 5 2 3 4 1 2 3 2 3 2 1 3 5 6 1 4 4 4 7 5 6 6 3 1 5 6 1 3 5 1 6 2 6 3 1 1 2 2 7 6 4 1 3 1 2 1 3 2 6 5 4 3 2 1 7 3 1 2 2 1 4 1 1 3 1 5 6 7 4 1 4 7 6 6 3 6 1 6 2 4 1 1 5 1 1 2 1 1 6 1 1 4 1 3 1 2 2 1 1 1 1 1 4 3 1 1 1 1 2 1 1 1 2 5 7 1 1 3 1 3 7 5 2 3 3 3 2 2 1 2 1 5 4 5 1 3 4 1 2 1 1 7 1 1 1 1 6 4 1 2 2 2 3 3 4 2 7 7 2 2 6 7 2 3 5 5 5 2 1 2 2 6 1 1 6 1 2 1 7 5 1 1 5 1 3 1 2 2 3 4 3 5 4 2 5 2 1 7 7 1 3 4 3 1 1 7 1 4 2 3 1 2 3 1 7 7 2 1 4 4 5 1 3 5 6 3 3 3 4 7 2 2 1 4 6 4 7 3 2 2 6 2 1 3 5 3 2 2 1 2 6 6 1 2 1 1 1 1 4 1 2 3 2 7 4 7 1 5 1 6 1 3 5 4 3 1 3 2 1 3 5 3 1 5 3 1 3 5 1 7 4 2 1 3 2 5 3 2 2 5 3 5 6 2 1 2 2 6 5 1 1 3 2 4 2 7 4 7 1 1 1 5 3 1 1 5 1 4 1 6 6 5 3 6 5 1 4 2 3 2 3 2 3 3 7 1 1 2 1 3 5 7 1 6 6 3 1 7 4 1 3 1 1 7 2 1 5 1 1 2 1 1 2 2 1 1 1 7 4 3 1 5 2 7 1 4 5 4 1 7 2 2 3 4 4 4 3 4 1 4 4 3 1 3 5 2 1 2 2 3 5 4 7 3 5 1 4 6 1 5 1 5 1 4 2 7 7 2 7 1 7 1 5 2 3 1 4 3 5 3 1 3 5 2 4 1 3 3 3 4 4 2 1 3 3 7 1 1 4 6 4 5 5 1 1 1 5 5 5 1 7 7 1 3 1 2 7 2 2 7 7 1 2 3 7 2 2 2 4 2 2 1 2 1 1 3 4 4 2 1 1 2 2 4 2 2 2 7 3 6 5 1 1 7 1 1 1 1 5 1 5 2 1 4 3 2 2 1 2 4 7 6 3 4 4 2 5 2 4 6 7 6 7 2 1 6 1 2 1 4 7 5 5 1 1 1 6 5 5 2 1 1 1 1 2 2 7 2 1 3 3 1 1 7 3 1 2 4 1 3 3 5 2 3 6 1 4 1 7 6 6 1 1 3 6 5 2 2 1 4 3 7 2 1 1 4 6 2 1 1 1 3 3 1 2 7 1 3 3 3 2 1 1 1 4 5 7 3 1 1 3 7 7 1 7 3 2 5 4 2 1 2 1 3 4 5 2 3 2 3 4 6 7 2 3 2 4 4 2 2 3 4 1 1 5 1 2 1 1 1 3 2 6 3 1 1 3 6 1 1 1 3 7 1 3 7 4 7 6 7 1 7 7 4 3 1 7 1 1 5 5 5 1 2 5 2 4 7 5 4 1 3 1 4 5 4 5 5 6 6 3 4 2 3 2 3 3 1 2 3 4 3 1 2 2 2 1 2 1 3 7 4 4 6 1 6 3 7 1 5 3 4 1 1 1 2 3 6 1 3 2 4 5 3 2 2 1 5 1 1 2 5 2 1 1 3 4 4 5 5 3 4 1 3 5 1 6 6 3 6 7 6 1 2 7 6 1 3 1 3 1 1 3 4 1 2 7 7 3 7 4 2 1 1 2 4 1 7 5 2 7 1 4 3 1 5 4 7 7 3 1 4 2 2 1 5 2 6 1 5 7 1 1 4 6 3 3 5 7 7 2 4 1 1 2 1 3 2 1 1 3 1 7 3 2 1 7 1 3 5 6 7 3 1 3 2 3 1 1 1 2 6 2 1 5 6 2 4 4 3 3 2 4 3 3 6 2 4 2 4 6 1 4 5 1 1 5 1 4 1 2 2 2 1 2 5 5 3 1 4 7 3 1 5 2 3 2 7 1 4 3 2 2 1 3 5 1 1 1 1 2 2 1 4 4 2 4 3 7 3 3 3 3 1 6 1 4 5 3 7 2 1 7 1 6 1 4 4 6 6 2 7 2 2 2 4 1 1 2 4 7 5 2 1 1 6 2 5 4 6 1 6 2 7 2 1 1 3 4 1 2 2 3 2 1 3 6 2 7 1 5 2 4 4 5 2 2 5 5 3 1 6 1 5 2 3 1 6 2 1 2 6 6 7 2 7 4 1 5 4 1 3 3 4 2 3 3 7 3 2 3 6 1 5 3 2 1 1 1 4 7 1 7 3 2 6 3 2 1 2 1 1 1 4 2 2 1 6 4 1 1 2 5 4 2 3 2 1 4 3 2 2 7 2 3 1 2 4 4 1 1 4 5 6 3 3 6 1 1 3 1 4 2 4 1 2 4 1 6 5 1 1 5 2 5 1 4 2 5 3 1 2 3 6 2 2 2 4 6 7 6 1 3 5 1 6 2 3 1 3 1 2 3 1 1 4 6 5 2 5 4 4 2 3 1 5 1 4 2 6 1 5 1 7 4 5 1 5 1 2 2 2 5 6 4 4 4 3 5 4 1 1 7 3 5 6 5 4 3 2 5 1 1 3 4 1 1 1 1 1 3 3 3 4 4 4 1 1 5 1 4 6 3 3 4 3 3 2 5 2 4 7 1 7 1 6 2 3 7 2 7 1 1 7 1 3 1 6 4 1 2 4 2 1 7 4 1 4 3 1 4 1 2 1 1 7 1 3 4 1 1 3 1 1 1 1 6 1 1 4 5 1 5 1 4 3 7 2 1 3 4 6 4 4 3 1 2 5 5 5 3 5 1 5 3 6 7 1 1 3 2 3 1 1 6 4 1 7 1 4 1 1 4 4 1 2 4 4 3 4 1 5 3 1 2 4 3 1 3 7 2 1 1 1 3 2 1 5 2 1 4 6 2 2 3 1 1 7 2 4 1 1 1 1 6 3 1 3 1 1 3 1 5 6 2 4 6 5 2 4 6 3 4 7 1 2 7 6 5 3 4 2 4 1 4 1 2 2 1 2 2 1 2 6 6 4 3 3 7 2 1 2 4 1 2 3 6 4 4 1 1 4 2 4 5 5 4 4 1 1 7 7 6 4 6 2 5 5 1 1 1 5 7 3 1 2 5 4 3 3 3 1 3 4 7 1 2 1 2 4 6 1 3 3 5 1 1 3 1 6 7 2 1 4 2 3 3 1 7 3 1 1 2 6 5 4 7 1 1 5 2 1 2 7 3 3 4 3 4 5 5 4 2 1 1 1 1 2 5 1 5 3 2 2 4 7 1 1 6 6 2 5 2 1 6 1 7 3 1 2 1 1 2 2 3 5 3 2 2 4 6 5 4 1 6 3 2 3 1 1 4 1 1 6 1 3 1 5 6 1 1 1 4 2 1 1 4 3 2 1 7 2 4 4 3 7 3 1 1 3 3 3 6 5 2 2 1 5 2 4 1 1 4 7 5 1 2 3 1 3 7 2 2 1 4 3 2 5 3 1 1 2 7 4 6 1 4 3 3 7 6 2 1 6 1 2 4 2 5 5 2 1 1 7 4 5 6 6 6 3 4 5 2 1 2 7 4 1 5 4 6 1 2 1 7 1 1 1 1 2 1 1 5 4 7 1 1 6 7 4 4 5 6 7 1 1 3 1 5 7 5 2 2 1 1 2 4 6 1 6 1 1 2 3 3 1 3 2 1 2 5 2 1 4 5 6 5 4 2 2 3 3 1 4 6 3 3 1 3 1 2 4 1 7 1 5 5 2 4 7 3 2 6 1 1 1 2 4 7 4 3 4 7 3 2 3 1 2 3 2 7 3 4 6 4 3 4 3 2 2 5 1 2 1 3 7 1 1 6 4 7 1 4 2 5 5 1 2 1 2 2 1 2 3 1 6 5 5 3 2 3 1 2 4 7 1 1 1 2 6 1 5 3 4 2 2 2 1 1 4 6 4 1 1 5 3 3 4 2 5 3 1 4 1 3 6 1 6 4 4 2 1 3 4 6 4 4 2 1 2 2 2 3 5 3 6 5 3 1 3 5 3 1 1 3 1 2 2 2 3 7 3 4 1 7 1 1 2 2 7 2 4 5 6 2 1 3 2 1 1 2 4 1 1 3 1 1 3 1 4 1 2 7 2 4 2 1 7 7 1 2 1 1 6 7 4 2 2 1 7 4 1 4 2 6 3 6 2 7 1 4 1 1 7 1 2 7 1 3 1 3 4 3 1 1 7 5 7 4 5 2 4 3 7 2 7 1 1 2 4 2 2 4 1 6 4 5 6 2 2 5 3 4 2 1 1 1 1 3 2 1 1 2 1 2 1 5 2 2 3 1 3 1 4 1 3 2 6 2 4 1 3 1 2 1 4 3 5 2 1 1 3 5 1 3 2 7 1 1 5 1,2 6 1 3 5 3 1 2 1 3 3 1 1 2 5 5 1 3 4 3 1 4 4 5 6 4 6 6 1 3 1 2 2 3 4 5 1 5 3 1 1 1 5 2 3 3 4 1 3 7 5 1 5 2 3 3 1 1 5 1 3 5 2 1 5 1 5 1 1 1 7 2 3 2 1 1 2 2 2 1 2 4 4 4 2 7 6 3 6 7 5 6 1 7 6 1 2 6 4 5 1 5 4 6 4 1 4 7 1 3 2 1 3 5 7 1 6 5 4 1 6 2 3 6 5 1 1 4 5 4 4 2 1 3 4 5 3 1 5 3 6 3 6 7 4 1 2 4 2 2 2 2 2 6 2 1 4 6 2 2 2 1 2 1 5 3 2 1 5 3 7 6 5 2 1 7 1 1 4 4 1 6 1 3 4 6 7 3 1 3 2 3 4 6 1 6 4 2 1 1 4 7 1 1 2 5 1 3 4 2 7 7 7 2 2 1 1 6 1 1 2 2 7 5 2 2 6 6 6 4 2 1 5 6 3 2 6 1 6 3 5 6 4 3 1 5 5 5 2 4 3 2 4 1 4 2 5 1 4 5 1 1 4 7 4 1 6 6 6 7 2 2 3 5 1 1 3 4 7 2 7 1 1 7 6 1 1 3 3 2 1 7 3 6 5 1 5 1 4 7 4 1 1 3 3 7 6 3 2 3 3 5 1 7 5 6 1 1 5 1 3 1 5 2 5 3 7 5 1 2 4 1 2 3 6 3 1 4 1 3 5 6 2 7 1 3 7 2 1 3 1 1 5 3 7 4 7 7 1 3 2 2 4 2 4 1 1 7 4 4 1 3 1 4 2 4 1 2 4 4 2 1 4 7 1 2 3 3 7 5 2 5 7 2 7 3 5 1 2 6 3 1 2 1 7 7 5 2 1 2 2 3 2 1 3 3 1 1 5 4 3 1 3 1 7 1 2 4 4 2 2 3 5 2 3 6 1 1 3 1 6 1 3 2 4 2 2 3 6 2 3 7 2 2 2 4 2 7 4 1 4 1 2 3 6 4 1 1 3 7 7 2 7 1 1 3 6 3 1 4 4 5 1 4 6 7 5 1 2 2 1 4 1 1 1 1 1 2 5 7 1 2 1 7 2 3 5 5 2 2 2 1 1 4 1 4 3 2 3 2 3 2 4 4 3 7 1 3 6 2 1 3 1 3 3 2 1 2 3 6 3 4 2 6 6 2 3 3 4 3 4 1 4 5 3 6 3 2 1 1 1 1 7 1 5 1 3 3 7 4 4 3 3 2 3 5 1 3 4 7 3 2 7 1 1 5 1 7 1 3 6 1 1 7 2 2 1 6 1 5 2 5 1 1 3 1 5 2 2 6 2 1 1 1 4 4 2 5 3 1 7 5 2 1 3 2 5 7 1 6 5 2 1 2 4 7 3 5 6 6 3 1 6 1 1 1 5 1 1 6 2 5 2 1 2 4 1 4 5 4 7 2 7 4 1 1 5 7 2 1 4 5 2 2 4 2 4 6 7 5 2 1 3 1 6 1 6 2 6 1 6 5 2 6 5 7 6 5 5 3 1 7 3 3 3 1 5 2 1 1 4 2 2 1 1 6 3 1 5 3 3 3 1 6 3 3 1 2 3 1 4 6 5 1 6 6 1 1 5 2 1 1 5 5 4 1 1 1 1 1 6 2 2 1 1 1 6 3 1 1 3 4 5 3 1 7 5 3 1 1 1 1 4 1 7 5 1 2 5 4 7 5 6 4 7 1 1 1 2 7 4 1 5 1 1 3 1 1 4 1 3 5 1 3 1 5 1 7 4 2 2 1 1 1 7 2 4 1 2 1 7 7 2 3 2 2 3 1 3 2 1 4 5 2 2 1 3 3 2 6 1 1 4 7 2 7 4 2 2 6 1 5 1 5 6 5 1 6 7 4 4 7 1 3 2 3 5 5 1 1 1 2 4 3 6 1 4 3 3 1 7 2 3 1 1 2 3 1 1 5 3 1 1 1 3 2 2 6 6 7 1 4 1 4 1 7 2 1 1 2 1 1 1 1 7 1 1 5 2 5 7 7 1 2 3 4 3 2 4 1 1 1 6 1 4 6 5 1 5 1 2 7 4 3 2 7 3 2 2 5 4 5 1 6 2 1 3 5 7 1 4 5 3 1 7 6 4 3 3 5 1 3 4 2 4 2 2 4 2 1 1 6 1 2 4 1 2 2 1 7 2 4 4 1 1 2 2 4 3 2 2 6 6 2 1 1 2 4 1 4 3 4 1 1 7 3 2 5 1 1 1 3 1 5 3 4 2 1 1 2 1 1 2 3 1 1 1 1 5 7 5 1 1 1 1 3 3 1 1 5 1 1 7 1 5 6 1 5 1 1 2 7 3 1 2 5 5 6 1 5 4 5 2 2 2 6 7 1 3 2 5 1 4 2 4 4 4 3 1 2 3 7 6 2 6 1 3 4 6 2 4 3 6 5 5 2 1 7 1 1 6 1 7 1 3 7 4 1 2 1 3 5 1 4 3 2 4 3 7 2 1 4 1 3 3 1 1 2 1 2 5 1 3 2 4 4 2 1 1 4 6 2 1 1 1 1 3 6 6 4 2 1 2 5 4 3 4 5 5 1 3 1 4 6 3 2 4 3 5 1 1 6 4 4 4 2 4 1 5 1 7 4 2 4 2 2 2 6 1 1 2 2 1 2 6 1 3 1 2 7 1 4 6 4 2 6 4 4 1 6 7 4 5 1 2 6 2 3 3 1 7 1 1 6 4 1 1 5 7 3 3 3 5 2 3 1 1 3 3 5 1 4 6 1 4 4 3 5 1 7 4 2 7 4 1 1 4 3 2 3 4 3 3 2 7 1 3 3 5 7 5 3 3 7 2 7 7 6 2 6 1 4 4 1 6 7 2 2 3 1 1 1 1 4 3 5 7 1 4 5 3 5 1 1 2 5 2 7 7 2 3 6 6 1 1 4 3 7 7 1 1 5 2 4 5 2 1 1 2 3 7 3 1 5 5 4 4 5 3 2 3 2 1 6 6 1 2 1 2 1 6 7 1 1 6 5 1 6 1 7 1 3 2 1 1 5 1 4 2 5 1 2 5 6 6 1 4 1 3 2 1 1 4 1 4 3 1 3 1 1 1 2 3 2 4 5 2 2 3 7 4 1 7 4 3 6 2 6 1 4 5 3 3 5 1 3 3 1 4 5 2 6 1 4 6 7 3 3 2 2 6 1 7 5 1 5 1 3 1 2 2 5 4 7 3 6 3 4 3 5 7 1 5 1 3 6 2 1 3 4 2 3 5 4 6 3 7 1 4 2 3 7 5 3 3 2 2 1 1 2 3 3 5 4 1 3 1 1 6 1 7 2 3 1 6 1 1 2 4 1 7 1 2 1 7 7 5 3 2 1 5 6 7 4 2 3 1 7 4 5 1 1 5 1 2 1 7 3 2 4 3 2 7 7 1 5 1 2 1 5 1 5 7 3 5 6 1 1 7 5 3 2 3 1 1 1 6 1 1 2 1 1 4 7 1 1 2 2 3 2 1 1 1 4 3 3 4 4 6 2 6 1 6 7 1 1 1 1 4 4 4 4 3 1 1 1 5 1 4 2 1 1 1 1 2 3 1 7 4 2 3 5 1 4 2 2 6 1 5 5 1 4 5 1 1 6 1 5 3 3 2 3 7 5 2 1 4 5 3 6 1 1 1 1 5 1 5 1 2 6 2 7 2 7 2 1 1 1 3 1 6 3 5 1 7 3 1 1 1 5 1 3 1 3 5 3 6 4 2 1 3 1 2 3 1 1 2 2 5 4 5 3 1 2 3 3 2 4 1 7 2 6 1 6 2 3 1 1 7 5 1 3 1 1 6 2 1 1 4 4 2 3 1 5 4 1 5 6 2 2 2 1 1 1 1 5 1 3 4 2 1 2 1 1 5 3 1 5 1 5 3 2 2 7 1 1 6 1 5 2 5 3 1 1 2 2 7 3 2 7 1 4 3 5 1 7 1 1 6 3 1 2 6 4 2 1 3 5 6 2 3 5 1 1 4 2 3 7 5 3 7 2 3 1 1 3 4 5 1 1 7 7 2 1 1 5 2 4 1 4 3 4 4 1 5 3 1 1 3 3 6 1 1 7 2 5 5 3 3 7 3 6 1 5 5 3 1 4 2 7 4 4 3 2 1 1 1 2 2 7 4 4 4 6 1 3 3 4 1 2 1 4 2 4 2 2 2 5 1 2 4 1 6 7 1 1 2 2 3 7 1 1 7 4 3 1 6 1 2 5 5 1 1 2 5 1 3 5 1 5 4 4 7 3 1 1 1 3 1 1 4 4 6 6 5 1 2 4 3 4 2 1 1 3 1 7 1 4 4 2 1 6 3 4 6 2 7 5 4 7 2 7 4 6 2 2 2 1 4 2 1 3 3 2 7 1 1 3 4 3 5 2 4 5 4 5 3 2 4 1 1 1 3 1 4 6 2 5 7 5 1 1 1 6 1 3 2 1 3 2 2 4 7 3 7 1 1 1 4 7 2 1 1 3 1 1 1 1 1 6 5 4 3 3 2 1 5 6 2 4 1 1 3 7 3 6 3 5 1 4 1 7 1 7 6 7 2 1 3 5 3 1 7 6 7 1 2 3 1 1 7 1 2 3 1 5 5 1 7 7 2 2 1 3 1 1 1 7 2 7 2 2 3 7 4 2 2 5 1 7 7 7 1 4 2 4 1 2 4 3 4 2 7 4 1 4 3 1 5 5 4 4 1 6 1 2 7 6 7 1 1 2 3 1 2 3 4 1 3 4 5 1 1 1 1 1 1 7 2 7 2 2 2 5 1 1 2 1 2 5 6 4 1 5 3 6 6 1 1 2 7 1 2 5 1 5 1 1 4 7 5 3 4 5 4 1 4 2 2 1 6 1 6 1 2 3 4 1 3 2 6 5 2 7 1 4 7 7 4 3 5 5 4 1 4 6 1 4 2 2 1 2 3 1 1 3 1 2 2 3 1 1 6 5 1 1 2 6 7 7 5 5 5 1 1 4 2 3 4 4 1 5 4 4 6 2 2 6 1 2 4 3 4 3 7 1 6 2 2 1 7 2 1 4 5 3 1 5 2 1 1 1 1 6 1 1 4 2 2 5 5 4 3 1 5 6 3 5 1 5 7 1 1 7 4 1 3 2 2 6 1 2 4 1 1 5 1 4 3 2 1 4 2 4 5 1 1 6 1 4 2 1 3 4 1 5 1 3 1 3 3 6 4 2 1 3 1 1 4 3 2 7 4 7 2 7 4 3 1 2 3 1 2 3 3 6 5 5 1 1 5 1 4 5 5 4 3 1 4 2 7 4 7 3 2 6 1 1 2 1 3 6 3 1 4 4 1 4 1 1 6 1 6 1 3 3 2 7 1 1 2 4 7 2 1 3 5 3 3 2 5 6 3 4 1 3 2 2 2 7 3 6 3 1 2 3 7 7 3 3 2 1 6 6 5 2 1 6 3 3 3 4 3 2 1 1 4 4 2 6 3 1 2 1 3 1 7 7 1 3 2 3 5 2 2 5 6 5 3 2 2 7 5 3 1 1 3 4 1 3 3 1 1 3 1 4 2 7 5 2 3 2 1 2 2 6 7 2 1 5 1 4 1 3 1 1 3 1 2 2 6 4 6 7 6 1 1 7 3 6 2 1 1 6 1 2 2 3 6 1 7 3 2 4 5 5 5 2 2 7 2 5 1 4 2 1 2 1 1 4 1 1 3 3 2 1 1 3 1 2 2 1 6 3 5 1 4 2 3 7 1 6 2 7 1 2 7 3 1 1 4 2 1 1 6 4 1 7 4 1 3 5 3 3 6 6 6 1 4 7 1 3 2 2 2 4 7 1 3 6 7 3 5 1 5 3 5 2 2 2 7 1 4 2 3 7 7 4 7 2 5 2 2 4 5 4 7 6 7 4 3 1 4 1 7 3 1 6 1 1 2 2 1 3 1 5 4 3 2 1 5 4 1 6 2 4 1 4 1 2 1 4 5 2 3 3 3 1 4 3 4 5 1 1 1 1 3 2 7 1 7 2 1 1 3 2 1 4 3 5 3 1 4 6 7 2 2 6 1 4 5 7 1 4 6 1 2 2 5 2 4 1 7 2 7 1 1 1 2 5 2 3 3 7 4 3 1 2 2 5 1 2 1 6 2 4 3 1 2 5 3 1 5 7 5 4 4 2 3 1 1 1 3 2 6 7 1 3 3 2 1 1 3 5 7 1 7 4 1 4 6 4 1 2 2 7 2 1 6 3 5 1 1 2 5 2 1 1 5 1 3 1 4 1 2 3 6 5 3 1 2 1 4 1 3 1 1 1 6 4 2 7 1 1 1 3 7 7 7 4 3 2 3 5 1 2 2 4 2 4 1 1 3 4 1 1 1 1 4 7 7 5 7 1 3 1 2 3 2 5 1 1 1 1 2 1 1 7 1 6 2 1 3 2 6 4 1 5 4 1 5 5 4 4 2 4 1 3 4 1 3 2 5 4 3 6 1 1 4 6 1 6 4 3 3 1 4 1 5 4 1 1 2 4 6 3 3 1 4 1 5 1 3 2 7 1 4 2 2 6 7 4 1 7 6 4 6 3 1 2 2 5 1 6 2 1 6 1 3 2 1 1 4 5 2 3 4 7 3 7 2 5 7 1 4 2 4 6 2 3 2 3 1 7 2 3 3 6 4 1 4 1 1 6 2 3 1 3 3 3 1 2 4 1 2 5 2 3 5 3 3 3 5 5 1 2 1 4 5 6 5 5 2 6 4 1 6 3 1 4 1 1 4 6 1 5 1 1 2 6 2 3 3 4 1 6 6 1 1 5 1 4 7 2 3 4 1 1 1 6 1 2 1 2 1 4 1 6 3 2 1 2 1 1 7 1 6 5 2 1 3 1 2 1 5 1 6 1 7 3 5 1 2 2 7 3 3 6 2 6 7 1 5 3 7 3 2 1 4 2 4 3 6 6 5 4 2 4 5 6 4 3 1 2 5 5 4 2 3 1 3 1 3 4 5 7 4 2 3 4 1 2 2 1 3 4 7 1 5 4 2 1 6 4 2 4 4 4 5 7 1 2 5 3 4 6 6 3 2 7 1 4 4 1 5 3 2 1 3 2 2 4 5 5 7 1 4 1 3 6 3 3 2 1 2 7 2 2 4 2 6 2 2 5 2 7 3 5 3 1 5 6 4 6 2 2 2 2 3 1 1 4 1 2 7 1 6 1 5 4 6 4 2 1 1 6 6 3 1 2 1 4 1 5 6 1 1 7 1 3 7 3 2 5 1 5 4 4 4 3 2 7 1 2 7 1 5 1 5 6 6 4 5 1 5 2 3 5 2 1 3 1 4 6 2 2 2 1 5 1 1 3 1 6 7 7 2 2 1 1 3 1 6 7 5 2 3 3 4 1 1 3 4 7 1 4 2 1 3 4 1 6 1 6 2 5 2 2 2 4 4 6 2 4 1 3 2 7 1 3 1 2 1 2 5 1 4 7 2 2 4 5 6 7 3 2 1 6 5 4 1 5 4 3 7 7 3 1 1 1 5 4 1 6 2 4 2 1 7 7 3 2 6 2 3 1 4 7 2 4 3 6 1 1 3 6 6 4 1 6 5 7 3 6 7 4 3 1 1 2 2 1 1 3 4 4 4 2 7 4 4 4 4 4 4 4 3 2 2 1 3 1 1 1 1 3 5 4 1 4 2 6 2 3 1 3 1 1 5 2 5 2 3 3 1 4 2 1 1 2 2 2 1 1 6 5 5 4 1 2 4 1 1 1 4 3 1 4 2 7 4 1 3 1 1 6 6 1 5 4 1 7 1 4 6 6 5 6 3 6 2 2 4 4 4 4 1 3 4 1 4 1 1 3 1 1 4 2 2 6 3 6 3 7 1 4 5 2 3 2 6 1 3 3 2 1 6 3 6 7 6 6 1 4 3 1 1 2 7 4 1 4 6 5 3 4 1 7 1 2 4 1 3 2 4 1 1 5 1 4 2 7 7 1 5 3 2 4 3 2 7 3 2 1 6 1 3 7 4 1 7 7 2 6 7 6 6 4 4 2 3 4 4 7 4 7 7 1 5 4 5 3 2 2 2 6 1 1 4 2 2 1 5 1 5 1 1 6 7 7 3 4 2 2 1 1 1 5 1 1 1 5 2 1 1 1 6 3 4 3 2 2 3 1 7 2 1 3 1 3 7 5 4 4 4 6 2 2 2 1 2 2 3 2 5 5 1 5 3 1 3 2 3 7 2 1 6 4 3 1 3 1 4 3 4 6 4 2 4 3 1 5 5 7 3 1 2 2 1 2 1 3 2 1 5 1 5 4 6 1 1 2 1 5 4 1 2 2 5 5 1 4 2 1 1 2 1 4 1 7 1 3 6 2 4 5 1 4 1 4 1 2 1 2 6 4 6 1 3 3 6 5 1 1 4 5 6 5 1 1 2 1 2 1 2 5 6 3 3 1 4 1 1 1 5 2 1 1 3 5 5 2 2 2 5 5 7 1 1 1 2 3 6 1 1 3 6 7 1 3 1 4 4 1 3 2 1 3 5 1 4 1 1 3 4 3 1 6 1 1 5 1 1 1 3 1 3 6 1 7 6 3 1 3 4 2 6 4 2 4 6 1 2 6 2 1 5 1 3 2 4 2 6 3 1 6 1 4 5 7 2 1 1 4 4 1 5 1 3 1 3 1 4 1 7 1 7 3 3 1 1 3 1 1 5 1 1 7 2 3 2 6 1 2 1 4 2 7 5 2 4 3 7 2 1 4 1 3 4 4 2 2 2 3 2 5 1 3 4 7 1 2 1 1 6 2 5 6 6 5 2 6 1 1 1 2 1 1 1 5 6 6 5 7 2 1 7 5 1 4 6 5 1 5 1 5 3 1 1 3 4 4 7 2 5 4 4 2 3 1 4 4 1 1 3 4 1 3 1 3 6 1 6 2 1 1 2 2 1 3 3 2 1 2 1 3 1 1 1 1 1 2 5 1 4 5 1 1 4 7 6 3 2 1 3 4 4 3 1 1 2 1 3 7 4 3 2 5 2 1 2 1 3 7 5 7 6 1 1 6 3 7 4 1 1 2 2 1 5 3 6 5 3 1 3 3 1 3 1 3 3 1 6 2 2 1 2 5 4 3 6 3 1 5 3 1 2 2 3 2 4 1 5 5 1 4 2 6 3 4 5 7 2 5 7 3 5 2 4 5 1 3 4 3 6 7 5 1 5 1 3 4 1 4 3 3 3 1 2 1 1 5 5 5 3 5 4 2 1 5 4 1 3 5 2 2 5 2 4 1 3 6 1 6 5 1 1 4 2 1 3 3 1 1 6 1 3 5 4 4 3 2 2 4 1 4 4 3 3 3 3 1 2 4 1 5 7 3 1 1 1 2 1 3 2 3 1 1 3 1 1 6 4 3 2 4 4 4 3 2 5 6 2 1 1 4 7 7 3 7 1 3 1 1 2 4 1 4 3 2 1 3 1 5 2 2 5 5 2 2 1 3 1 1 1 2 2 1 2 3 1 1 3 1 1 1 7 1 5 3 1 1 2 7 1 1 1 2 1 1 5 2 2 4 1 1 4 1 6 3 4 7 3 1 1 4 1 7 2 2 1 2 7 1 2 4 3 7 5 4 3 4 4 1 3 1 5 2 1 2 1 6 7 4 6 1 2 1 2 5 3 1 2 2 2 4 1 4 1 2 1 1 2 2 4 1 5 3 1 1 3 2 5 3 6 2 2 1 1 3 6 5 5 1 2 3 4 3 4 2 5 3 1 2 6 3 2 1 1 3 5 4 7 1 6 7 2 2 3 1 4 1 1 3 1 2 1 7 1 1 1 1 2 3 2 5 4 6 2 5 1 6 2 1 3 7 7 1 1 6 5 1 4 7 4 3 5 2 1 7 2 5 2 1 4 1 1 3 1 5 2 4 1 1 7 1 1 1 5 7 1 1 3 2 1 7 1 2 7 3 4 1 2 4 3 7 1 1 1 2 7 6 1 2 6 1 1 5 6 1 1 2 3 1 3 1 5 1 1 4 6 5 1 1 3 1 7 3 3 1 3 3 1 5 7 3 5 1 6 7 2 2 3 1 7 1 7 6 1 3 4 2 3 6 5 1 1 2 1 1 6 5 5 3 1 5 7 1 1 3 1 4 5 2 6 4 3 2 2 2 2 4 3 4 7 5 1 1 5 6 4 3 2 1 1 3 1 3 1 1 5 1 2 2 4 2 2 5 3 3 4 6 1 5 1 1 2 2 5 1 1 2 1 1 3 3 4 5 1 7 3 5 1 4 3 4 7 7 2 5 2 1 6 6 6 6 3 5 3 1 1 4 3 1 1 2 5 2 3 4 5 1 3 3 1 5 4 1 1 4 4 3 5 2 2 3 4 7 4 2 6 5 1 3 1 1 6 6 3 1 1 2 6 4 2 2 4 2 1 1 7 7 2 3 7 1 2 1 3 1 1 1 2 3 1 3 1 1 4 3 3 5 1 3 3 1 3 7 1 3 3 3 4 2 2 5 2 5 1 7 2 4 4 6 3 7 1 2 1 5 4 1 3 6 1 6 4 2 3 4 4 1 3 1 7 7 1 6 6 6 2 4 2 1 4 7 1 7 7 1 2 5 1 1 4 3 1 3 6 7 6 3 1 4 3 7 5 1 3 7 6 1 4 1 3 1 4 1 7 5 1 6 1 4 1 3 1 3 2 1 3 4 7 1 6 5 5 7 6 3 2 5 1 4 6 6 5 3 1 1 7 1 3 3 1 6 1 3 1 4 5 3 1 4 2 2 1 3 2 3 7 7 1 7 2 5 1 1 5 1 2 2 1 6 4 2 2 1 4 3 2 7 2 2 7 2 6 7 5 2 6 1 1 3 1 2 3 1 2 5 1 4 6 2 5 1 1 4 5 1 1 1 1 2 5 2 1 5 6 4 5 1 3 1 3 2 5 6 1 2 4 3 2 1 5 2 3 1 1 1 3 1 1 4 3 6 1 4 7 4 5 1 3 4 1 4 6 7 7 4 5 4 2 4 6 2 6 1 1 5 3 6 7 1 1 3 1 2 5 1 1 4 6 5 1 3 1 7 4 3 2 1 7 1 4 1 1 6 2 4 2 5 1 6 2 7 1 4 1 4 2 2 1 4 2 1 6 5 6 7 3 7 5 2 7 2 1 2 1 3 2 3 1 2 6 7 3 6 2 1 1 1 2 3 1 3 1 1 2 4 6 3 4 2 1 3 3 3 1 2 3 2 1 3 5 7 1 7 2 2 7 1 1 6 2 2 5 2 3 2 1 2 3 6 3 1 3 2 3 1 1 2 6 4 7 5 3 1 5 3 1 2 1 6 1 2 1 1 7 4 3 1 4 5 7 5 5 7 3 3 4 3 1 3 1 1 2 1 1 1 1 6 4 4 1 4 3 3 2 1 3 3 2 2 6 3 4 4 3 3 7 1 4 4 1 1 2 2 1 6 5 2 6 6 2 3 2 2 6 7 2 1 3 1 3 3 2 1 1 6 3 3 1 6 4 4 5 2 2 2 1 7 6 1 1 5 4 1 2 1 1 3 3 5 1 7 2 1 3 2 2 1 3 1 1 1 3 1 5 3 4 2 2 2 3 2 5 4 6 2 3 6 2 2 5 1 1 2 1 1 2 2 4 1 2 4 3 1 2 4 6 6 3 4 1 6 1 3 1 2 1 5 5 2 6 4 2 4 2 3 1 2 1 1 3 2 2 1 6 7 5 3 1 2 1 2 1 3 1 3 4 7 1 3 5 6 1 2 4 1 7 2 1 6 2 1 1 1 7 1 1 2 1 1 4 1 4 4 1 3 1 1 3 3 7 1 4 2 1 6 6 3 1 4 1 1 1 4 4 2 1 3 6 1 1 2 1 2 4 7 5 2 7 3 6 2 1 1 1 7 1 4 5 3 1 4 5 1 1 2 2 2 1 2 1 1 4 1 5 2 4 1 2 1 4 6 4 3 1 2 4 6 2 2 1 1 2 5 2 3 6 3 3 2 4 2 5 4 2 1 4 3 4 6 1 1 4 5 2 1 2 5 2 2 2 4 5 3 5 5 1 2 7 3 6 2 1 3 1 2 2 6 1 3 6 6 5 1 3 1 5 2 6 2 1 5 1 3 1 6 1 1 1 7 2 7 1 2 4 3 1 4 6 1 4 5 4 1 2 3 1 2 6 7 5 3 2 5 1 1 7 5 2 1 1 2 7 6 1 1 2 1 4 3 7 3 2 2 4 3 7 1 4 1 1 5 3 1 6 2 5 7 1 2 2 7 1 1 2 4 6 5 5 6 2 3 1 1 4 5 2 4 2 1 6 4 1 1 1 1 2 4 4 6 6 5 2 4 1 2 1 3 4 3 3 7 2 1 1 1 5 1 3 3 3 1 3 3 6 6 5 3 1 4 3 1 1 4 2 3 3 1 1 7 7 1 1 5 7 5 1 3 1 1 1 7 1 2 5 7 4 3 4 7 4 1 2 7 1 6 5 4 1 3 1 3 1 3 6 7 4 3 3 3 7 7 3 3 2 1 1 1 7 1 5 3 5 4 2 5 3 5 3 1 1 7 7 2 7 1 1 4 7 2 4 6 7 6 6 1 1 2 2 1 2 1 1 6 5 6 6 2 1 1 3 3 1 2 1 1 1 4 2 2 2 5 1 5 4 1 5 6 1 1 6 6 6 1 1 4 3 2 1 1 1 1 1 1 4 5 4 4 4 6 6 1 7 4 2 2 2 6 1 3 2 1 4 4 6 2 2 5 1 4 3 5 3 1 2 7 2 2 4 2 4 6 2 2 2 1 3 4 4 1 3 7 2 1 3 1 6 3 7 4 1 3 3 6 1 4 1 2 1 7 1 1 6 1 3 7 5 1 3 2 1 3 1 6 1 6 1 4 4 1 2 3 1 4 1 3 1 7 2 7 1 1 4 2 3 1 1 1 5 7 2 1 2 1 6 3 3 3 6 4 2 7 4 1 7 4 2 2 4 1 3 2 5 4 3 3 4 1 3 2 1 5 7 3 1 3 6 7 1 7 4 4 3 3 2 1 3 2 6 1 2 1 1 6 5 2 4 1 6 2 4 3 1 4 2 6 2 3 3 4 1 3 1 7 5 1 4 1 3 1 1 1 4 1 4 3 4 5 5 4 1 1 1 3 1 1 2 3 3 1 2 5 1 6 1 1 1 1 3 7 2 5 4 7 5 1 5 2 1 2 4 2 1 6 1 3 6 1 3 1 1 1 5 2 4 1 1 3 1 1 4 3 2 1 2 1 4 1 6 7 6 6 4 3 1 7 2 7 6 7 4 1 5 3 5 2 4 4 3 7 5 1 7 1 2 2 1 7 1 1 7 7 2 3 1 3 1 5 1 2 6 2 2 3 5 7 2 4 1 1 4 1 1 5 4 4 1 3 7 2 1 3 1 1 4 5 5 3 1 5 4 1 1 2 5 4 4 6 6 1 7 1 3 6 1 4 5 3 1 5 1 2 7 6 4 1 3 6 6 2 1 6 1 1 7 4 1 1 1 1 1 2 6 1 6 5 1 1 3 7 3 7 5 1 4 4 4 1 6 6 2 4 5 1 5 1 5 5 1 3 1 7 4 4 2 7 6 3 1 3 1 5 5 1 7 3 2 2 5 1 1 3 1 1 5 4 1 1 1 2 4 3 2 1 1 6 6 1 1 6 6 3 4 2 2 1 5 3 1 4 2 1 1 1 7 2 3 1 1 4 1 5 3 1 5 1 4 7 7 1 4 1 1 3 7 1 5 1 2 4 3 3 1 1 1 7 1 3 3 7 1 6 1 5 1 6 3 6 1 4 6 6 2 4 1 2 1 4 4 2 1 4 6 2 1 2 1 4 2 5 6 4 4 1 5 2 1 2 3 3 6 1 3 3 7 3 6 1 5 3 4 1 4 5 3 6 7 2 5 5 7 3 5 1 5 1 1 3 2 1 5 7 3 2 3 4 1 1 1 3 1 6 6 2 1 3 7 2 5 3 1 7 7 4 7 1 4 2 6 3 3 4 2 6 6 5 3 3 5 1 5 4 1 3 3 7 5 6 1 3 5 4 1 3 6 2 7 1 3 2 3 5 4 2 1 3 3 2 1 3 2 2 1 4 4 1 4 5 1 2 1 1 2 1 2 1 1 4 5 1 3 1 1 6 4 1 1 4 5 3 6 5 1 4 6 3 2 5 1 4 1 1 4 5 6 3 1 2 1 1 2 2 1 7 5 4 1 1 7 3 3 1 1 1 2 4 1 1 1 6 7 1 5 5 4 5 6 5 3 1 6 4 7 6 3 5 4 5 4 2 1 5 6 3 3 1 3 3 3 1 1 5 1 1 1 1 3 3 4 2 4 1 2 1 7 5 1 1 4 3 1 3 1 3 1 3 1 2 5 1 3 1 3 1 4 7 1 3 1 1 2 1 2 1 2 1 4 4 1 1 4 6 4 1 2 1 1 7 1 1 5 3 5 1 5 2 1 3 4 7 4 3 1 1 5 6 1 1 4 1 1 1 2 1 4 5 4 4 1 1 5 1 1 3 1 1 1 2 4 2 3 3 1 1 4 3 1 4 7 5 1 6 3 3 4 4 2 5 4 3 3 4 3 2 2 2 1 7 2 3 2 4 6 5 3 2 7 1 2 4 1 5 1 3 1 1 4 5 1 6 4 5 1 5 3 3 5 6 2 7 4 1 1 5 2 1 3 1 5 2 5 6 1 4 1 1 4 7 4 6 1 2 5 1 4 4 1 1 2 2 1 4 1 1 6 1 5 4 7 3 1 7 4 2 2 2 2 4 6 2 1 4 3 1 1 3 2 1 5 3 2 1 2 2 1 3 2 1 1 7 6 3 2 4 3 6 2 3 1 1 6 7 4 2 7 5 6 1 3 4 2 3 6 5 1 1 1 7 6 3 5 1 1 2 1 3 1 7 1 2 3 2 1 3 1 4 5 1 1 3 4 4 1 1 5 2 3 6 5 2 1 7 6 3 1 4 7 1 1 1 7 6 2 1 1 2 1 4 2 1 1 1 4 2 3 4 1 5 4 3 3 1 3 5 1 3 5 4 7 2 1 5 7 3 1 5 2 4 7 2 6 1 7 3 4 5 1 3 2 1 1 1 7 1 2 3 2 2 7 4 4 5 3 1 1 4 1 6 2 2 3 4 6 5 1 1 7 7 2 1 4 2 1 4 7 2 1 4 5 2 1 1 4 5 6 2 1 5 2 6 5 4 1 6 1 1 7 7 2 6 1 4 1 3 4 1 1 2 6 2 1 1 1 1 2 4 3 1 4 1 1 3 7 3 2 1 3 1 5 5 2 5 2 4 4 3 4 1 3 6 1 7 3 4 1 2 1 1 1 2 7 7 2 4 1 3 1 1 6 1 1 2 4 2 6 5 4 4 2 1 1 2 1 1 2 5 5 4 7 6 2 1 4 1 2 5 1 3 2 4 1 3 2 1 1 1 6 6 1 3 6 1 5 2 6 6 1 2 2 1 1 3 4 4 5 7 6 3 1 7 1 2 4 1 5 3 2 1 3 3 6 2 3 1 1 4 2 6 2 2 2 2 1 4 7 1 1 2 3 4 7 7 3 1 3 7 3 1 6 1 2 3 1 1 1 2 5 3 3 1 7 6 6 5 5 1 5 5 1 2 1 5 2 1 1 7 3 2 7 4 1 1 7 1 1 3 6 5 2 1 1 4 3 2 1 3 1 3 2 1 1 1 6 7 2 1 3 1 6 2 7 6 4 1 7 3 4 7 5 1 1 2 1 1 3 1 2 1 4 3 1 3 6 4 7 2 2 3 7 7 3 4 5 5 7 1 6 4 5 1 2 7 1 1 3 6 1 4 3 1 1 7 3 1 2 2 1 1 2 1 1 2 2 1 4 3 6 2 3 4 3 1 1 3 4 6 2 5 4 3 3 5 1 4 1 1 1 5 2 7 7 1 2 3 6 1 5 5 2 3 1 2 5 2 4 4 1 5 6 2 1 1 6 1 1 3 4 1 1 1 2 5 6 1 4 1 1 1 1 3 1 3 1 5 6 6 1 7 3 3 3 1 4 3 2 1 3 3 3 1 3 2 3 2 2 1 4 1 3 1 3 5 6 7 7 2 1 5 3 6 3 2 2 4 3 1 3 5 1 3 1 3 5 1 1 6 2 4 4 2 4 3 2 1 2 1 4 6 7 4 2 2 7 3 1 2 1 1 7 3 1 7 4 1 4 1 4 2 1 1 2 3 1 5 4 2 2 1 5 6 4 6 1 3 1 2 1 4 7 1 6 1 1 1 7 4 1 5 3 3 5 2 4 5 3 2 4 7 3 2 1 2 1 7 5 3 1 1 5 4 2 1 1 1 1 2 1 3 1 3 3 5 3 4 1 3 1 4 3 1 2 1 4 2 6 1 5 2 1 3 3 6 1 3 6 1 2 6 7 2 2 1 1 2 1 1 5 6 4 7 5 2 5 1 2 2 3 5 3 1 3 2 7 2 5 7 5 2 2 7 3 6 2 2 7 1 3 1 1 3 3 1 6 4 6 1 7 2 1 1 5 6 4 4 6 7 6 3 1 1 4 1 4 4 2 6 6 1 2 5 4 1 1 3 2 4 1 3 6 7 3 4 2 1 7 4 4 4 6 7 2 7 4 4 3 3 1 7 1 1 1 1 4 1 4 2 1 2 5 2 5 4 1 1 4 1 2 2 1 7 1 1 2 2 1 1 1 5 2 2 5 3 4 2 1 4 1 2 1 1 1 7 1 4 1 2 4 6 4 2 1 1 6 1 2 3 1 3 1 1 4 2 2 3 2 1 6 1 1 1 1 4 1 1 1 2 1 2 7 1 7 2 5 2 2 1 1 5 3 2 1 5 2 6 5 1 1 4 2 2 2 3 3 1 4 6 4 5 3 2 2 2 1 6 3 6 1 2 2 6 1 3 5 2 3 2 1 6 3 4 5 3 1 5 1 2 4 4 6 2 4 5 7 1 7 2 1 3 1 2 1 3 5 3 4 1 1 2 3 4 1 1 2 1 1 7 5 6 2 4 1 6 1 1 6 3 2 1 1 3 1 1 3 6 3 2 4 7 1 2 1 2 4 2 4 2 7 3 3 1 1 5 1 6 1 3 2 2 2 1 4 1 5 5 4 3 7 1 1 1 1 2 4 1 5 4 2 4 7 1 3 7 1 7 2 1 5 1 1 6 7 3 6 7 3 5 3 7 3 1 3 4 3 1 1 5 1 7 7 7 4 3 5 3 3 2 5 2 3 6 4 3 7 4 4 2 5 1 3 7 2 1 2 2 1 2 5 1 1 1 6 1 4 7 6 2 1 5 5 1 3 6 3 6 1 1 4 7 7 7 5 5 2 6 7 4 5 3 5 2 2 3 7 2 2 2 6 5 1 1 6 1 1 3 3 5 5 6 2 3 1 2 1 1 3 2 7 4 2 3 4 3 7 2 1 3 4 6 6 3 3 1 6 1 5 3 2 3 1 2 6 6 4 6 2 7 3 1 7 2 2 4 7 6 1 2 4 2 5 5 1 1 2 1 5 1 5 5 1 1 1 2 1 2 6 4 3 1 7 2 5 6 5 4 5 1 5 6 1 1 2 4 1 3 1 1 5 1 6 1 1 2 1 1 1 5 7 3 1 2 5 6 2 1 3 7 1 3 1 4 7 2 2 2 4 1 4 4 6 3 2 2 6 3 5 5 1 7 1 1 2 5 1 2 1 3 1 2 7 7 5 5 1 6 2 1 7 4 5 1 7 1 5 1 3 1 5 3 3 7 1 1 6 1 2 4 3 1 1 3 5 1 2 1 2 1 6 3 1 6 3 7 7 4 5 5 7 1 1 2 2 3 1 7 5 4 2 1 3 1 5 5 2 2 4 2 1 2 1 7 1 4 1 1 1 3 1 2 6 2 2 1 5 6 2 2 1 6 1 3 1 6 7 4 2 4 5 3 3 4 7 4 4 5 1 2 3 5 4 1 4 1 1 1 7 2 2 6 1 2 5 1 4 2 1 6 4 2 1 1 7 1 6 3 6 7 7 7 5 3 2 5 5 2 1 1 1 2 1 7 6 4 4 3 5 1 3 1 7 1 5 5 2 1 4 5 6 1 4 4 1 5 2 4 7 1 4 1 1 1 3 1 7 3 2 7 3 3 5 2 4 4 2 2 1 3 2 3 5 7 6 1 7 2 2 2 1 1 2 2 2 7 5 1 7 1 6 4 2 3 3 4 1 1 6 1 7 1 3 7 4 2 1 6 1 5 1 7 4 1 1 2 6 2 4 1 7 6 3 5 5 5 7 1 1 2 7 4 1 3 6 3 1 2 7 5 3 3 2 5 2 1 5 1 1 4 2 1 1 1 1 3 1 3 4 6 1 1 5 1 6 5 4 4 2 2 1 6 6 2 7 6 3 2 2 4 4 1 1 3 2 5 1 1 1 4 5 5 2 3 4 6 5 1 1 1 1 2 2 3 3 1 2 5 2 4 3 2 1 2 1 1 7 1 4 1 3 7 1 1 2 1 1 7 5 5 2 1 5 2 4 2 4 1 3 1 3 7 2 4 7 1 5 5 4 4 6 5 1 1 6 2 4 1 3 6 7 7 3 3 1 6 4 6 4 6 1 1 2 3 1 3 3 2 4 3 1 6 3 4 4 1 7 2 4 2 1 4 2 3 4 5 6 3 1 3 6 1 6 2 4 2 5 1 1 7 3 3 5 3 4 2 1 6 3 1 1 6 3 1 2 1 2 3 1 5 4 4 5 7 5 3 2 2 2 6 6 3 7 1 1 1 3 6 3 2 2 5 2 5 3 4 5 6 2 1 5 7 5 1 3 1 6 5 5 1 4 2 1 1 1 1 3 4 3 5 4 3 6 1 3 4 5 6 1 2 1 5 7 5 1 5 1 1 3 3 5 3 1 1 1 3 5 6 3 1 1 2 6 1 6 1 3 3 4 2 1 3 2 1 5 5 1 1 1 6 3 1 1 1 1 2 1 5 3 3 7 1 4 7 4 2 6 1 4 2 3 6 1 3 4 7 1 2 3 1 1 3 1 7 1 1 2 7 2 6 2 3 7 1 6 1 4 1 2 7 6 1 2 5 2 4 5 2 3 1 1 4 6 1 1 1 4 2 6 1 3 4 2 2 5 1 3 1 5 1 3 3 3 7 3 1 7 5 1 4 3 7 4 2 1 1 1 3 5 1 1 3 3 1 3 4 1 6 6 5 1 4 7 1 4 7 6 7 1 3 4 4 1 1 6 3 1 2 6 2 1 1 5 2 6 1 1 1 3 4 6 4 3 4 3 4 3 1 4 1 1 6 2 4 3 1 6 5 4 7 1 4 4 1 4 7 3 5 6 1 6 6 4 1 2 3 2 1 1 1 1 6 6 1 7 6 2 1 1 1 3 1 1 4 1 7 2 1 1 2 1 5 1 3 1 5 7 4 1 2 2 4 3 4 4 2 3 3 2 5 5 1 4 2 5 1 5 6 1 4 1 1 3 2 4 4 3 3 4 1 1 1 3 2 5 5 5 2 2 1 4 3 3 6 2 1 1 5 7 1 7 5 3 1 2 1 1 3 1 1 4 4 2 7 1 2 1 1 3 1 1 5 2 1 3 2 3 7 6 5 6 1 1 3 1 3 6 5 1 1 1 2 5 1 5 1 6 6 5 1 3 2 7 3 3 4 3 1 3 1 3 6 1 2 1 3 1 2 2 5 1 3 1 1 2 2 4 4 3 5 1 4 4 2 7 5 5 7 4 1 5 7 1 5 2 1 1 3 1 1 5 5 3 3 2 1 6 1 2 6 1 4 1 5 2 2 4 4 1 2 1 2 3 7 7 4 2 1 1 7 1 1 6 5 4 3 4 3 3 4 6 4 2 6 3 1 3 3 3 1 1 3 4 1 2 6 2 4 1 3 1 4 3 1 2 1 1 4 5 5 3 1 2 5 3 3 7 2 4 1 1 3 7 4 4 1 3 7 2 4 3 2 3 3 1 4 5 6 4 1 1 7 1 2 3 1 3 7 4 6 5 1 2 4 7 1 6 6 4 1 1 1 2 4 2 1 1 1 7 4 1 5 1 3 1 1 1 1 2 7 2 2 1 7 1 5 5 4 3 2 1 2 7 3 2 5 2 1 4 1 1 3 3 2 1 2 2 3 1 2 1 2 4 2 4 1 3 2 2 1 3 3 3 1 3 6 4 6 1 7 2 5 2 7 1 1 5 2 2 7 1 5 1 1 1 5 1 1 5 7 2 5 4 6 1 6 7 3 5 1 3 2 1 2 1 6 5 3 3 6 3 2 1 4 3 7 5 5 6 4 3 1 7 1 1 2 2 3 4 1 1 1 2 2 1 4 1 1 2 6 5 4 4 3 2 5 6 4 7 2 2 6 1 2 2 3 1 3 3 1 4 3 7 6 6 6 3 4 1 1 2 1 2 1 4 3 3 1 1 5 3 2 1 1 4 3 7 2 2 1 4 2 2 2 3 1 1 7 1 7 2 2 1 1 7 1 1 4 6 5 5 6 4 6 1 6 6 5 2 2 1 1 5 3 1 3 6 2 1 5 1 1 3 5 1 2 6 2 1 2 6 6 1 6 3 2 2 7 5 7 2 6 6 1 2 1 1 2 2 7 3 1 5 3 4 1 1 1 1 3 7 3 3 7 3 1 2 1 2 3 1 2 1 4 4 4 2 1 2 1 6 4 1 2 3 1 1 2 3 6 5 5 1 3 3 5 3 4 3 5 4 5 1 4 7 3 1 4 1 2 3 2 1 2 1 1 3 2 2 4 1 5 2 1 7 7 1 1 1 3 5 2 6 4 7 1 1 6 3 1 7 3 1 1 1 2 3 2 6 4 1 1 4 7 4 1 4 7 3 4 6 1 1 2 7 4 2 2 5 7 4 7 1 1 2 4 4 4 7 1 6 3 4 3 3 4 7 3 4 3 6 2 3 2 1 7 5 5 1 1 1 1 2 3 2 3 1 1 7 2 2 7 1 3 3 4 4 2 5 5 1 1 2 5 1 5 2 6 2 1 1 7 2 6 2 1 5 1 1 1 1 6 4 4 7 2 1 2 5 6 5 4 5 3 2 3 7 1 1 1 1 2 4 2 2 3 5 1 5 7 3 3 3 1 1 2 1 3 1 2 2 1 1 6 3 2 7 3 1 5 1 6 3 4 6 6 1 1 3 5 5 2 6 2 3 1 1 1 1 1 5 4 1 2 5 3 3 3 5 3 5 3 6 6 1 6 3 1 3 1 1 2 1 7 4 3 1 2 6 5 2 1 5 3 7 6 6 4 4 2 5 1 3 2 2 1 2 2 1 6 4 2 2 2 3 7 2 7 2 7 6 4 2 3 1 1 7 7 3 7 7 1 4 1 3 5 1 5 4 3 1 3 5 2 3 1 7 3 2 5 6 1 1 1 2 1 3 5 4 1 2 6 3 3 1 3 4 4 7 3 1 1 1 3 1 1 3 3 5 6 6 1 4 3 1 1 1 4 1 4 7 3 5 4 1 2 1 1 4 4 1 1 2 5 6 6 7 3 5 1 2 1 3 2 2 5 2 6 2 4 7 4 1 7 3 1 3 7 1 4 4 5 1 1 1 5 2 1 1 7 4 6 2 1 2 1 4 1 4 1 4 6 6 4 5 2 3 1 4 4 7 5 4 1 3 2 2 1 1 4 3 2 2 1 2 4 2 1 2 4 3 3 5 3 5 1 5 5 5 1 6 3 5 1 1 1 1 5 2 3 1 5 4 1 3 1 3 3 1 6 6 1 5 2 3 1 1 3 6 5 3 2 1 1 1 2 4 1 3 1 1 1 2 6 2 4 4 7 1 4 5 4 3 6 3 1 6 6 1 2 1 1 1 6 1 3 6 4 1 2 3 2 1 3 3 3 2 1 5 7 6 4 4 4 2 1 3 2 3 1 6 4 2 5 1 6 1 5 2 2 3 7 2 1 1 6 5 1 3 7 7 4 7 5 7 5 3 3 3 1 1 1 2 1 2 1 2 1 2 2 3 2 2 3 4 1 2 1 1 2 2 1 1 2 5 3 6 6 1 4 6 7 3 4 5 7 3 2 4 4 3 1 2 4 1 4 2 2 1 4 5 1 3 1 1 3 7 3 7 1 4 5 2 1 2 2 2 3 1 3 1 1 2 5 5 3 1 1 1 1 1 1 6 5 2 5 1 2 3 4 5 3 1 6 4 1 4 1 4 5 6 1 6 1 3 7 4 1 6 1 1 4 1 1 1 2 4 5 2 5 7 1 5 2 4 2 3 1,2949 1676 1486 1239 994 830 784,2949 1676 1486 1239 994 830 784,155.47618800000055,0.0115750629223256,0.0034695955704227,0.004449726609595,-0.0844887865568322
liar,9990,6,4 2 4 2 5 3 3 3 2 2 6 2 1 5 2 2 5 1 1 5 1 1 2 2 6 4 1 2 6 2 4 3 1 2 5 2 5 6 2 3 2 2 5 4 3 4 6 2 1 1 2 4 4 5 6 4 5 6 5 1 4 1 4 2 5 6 2 4 5 5 3 2 1 5 3 2 2 3 1 2 2 4 6 4 2 3 1 2 3 3 2 2 2 2 1 2 3 4 4 6 4 6 4 1 4 6 1 4 3 4 4 4 1 1 3 1 1 6 5 1 5 1 2 4 4 5 5 5 1 5 5 5 5 1 1 1 4 2 5 1 2 4 6 2 3 3 1 4 4 1 5 2 1 3 6 6 6 5 2 1 2 5 2 6 1 2 2 2 5 4 4 5 4 4 5 1 2 3 4 5 5 6 3 3 2 2 6 3 3 4 6 3 2 1 2 4 6 3 2 2 2 4 2 4 4 6 4 5 1 3 1 4 2 4 3 5 4 5 5 4 5 1 1 1 2 4 5 2 3 6 3 2 2 6 6 5 1 6 1 2 2 4 3 1 5 5 4 1 3 2 6 5 2 5 2 2 1 5 6 3 1 1 1 6 6 3 3 2 6 2 1 5 2 3 6 3 5 1 1 2 5 2 2 2 3 4 4 3 4 2 2 4 5 1 5 5 1 2 5 4 2 1 1 4 6 2 4 3 6 1 4 1 6 3 2 3 2 2 2 3 6 5 6 3 6 5 4 3 5 1 1 1 5 6 4 2 3 3 5 2 1 3 5 2 6 2 2 3 6 5 6 4 1 2 2 2 1 5 5 3 2 4 2 6 1 4 5 2 5 6 2 2 2 3 6 5 4 3 6 1 4 4 4 3 6 3 2 3 3 4 2 4 3 6 2 4 3 5 2 2 2 2 2 3 2 2 2 3 6 3 2 2 3 6 5 3 4 6 2 4 1 6 2 6 2 6 4 5 5 4 2 2 1 6 6 2 1 2 6 6 4 1 1 1 2 5 2 2 2 4 4 6 2 1 3 5 2 2 1 2 2 3 3 2 2 1 6 5 2 6 2 2 5 1 3 4 5 5 4 2 3 6 6 5 4 2 5 2 4 1 3 5 2 3 6 1 6 6 3 3 1 3 3 1 4 2 6 6 2 2 3 6 1 2 4 5 1 3 1 2 3 2 4 1 4 2 5 2 2 5 1 2 3 3 1 3 4 4 1 3 6 2 5 4 5 4 5 5 3 2 6 1 6 5 3 1 4 2 5 2 6 3 4 2 5 6 2 3 6 6 4 3 2 5 2 5 2 5 2 6 5 6 1 3 3 3 2 2 5 2 6 6 2 4 1 4 1 4 2 1 6 5 5 2 5 4 2 4 5 1 6 4 3 6 3 2 2 2 5 3 3 2 4 4 6 2 4 5 5 1 1 2 4 6 2 6 6 5 1 4 2 1 3 5 5 5 6 2 2 1 4 1 2 4 3 2 2 3 4 6 6 3 3 1 6 2 3 3 2 2 3 3 2 4 4 2 1 1 6 2 3 1 3 5 1 2 6 4 2 2 6 2 2 2 3 6 3 4 2 6 6 2 5 3 5 4 2 3 4 6 4 2 2 2 6 6 4 2 5 1 2 1 2 1 5 5 4 6 2 1 6 4 3 4 4 3 6 4 4 2 2 5 4 2 3 4 4 3 6 2 4 5 1 5 3 6 1 4 4 6 4 5 2 4 2 3 2 4 3 4 3 2 3 6 5 2 2 3 2 1 4 6 5 2 5 2 1 4 1 6 2 6 3 2 5 3 5 2 2 6 3 2 2 6 3 4 2 5 2 1 2 2 2 1 4 6 4 5 3 1 6 2 3 3 4 3 4 3 3 4 2 3 2 5 2 1 5 1 4 3 3 2 4 2 5 3 1 1 6 6 6 4 2 2 2 2 2 1 4 6 3 4 2 5 5 2 2 3 2 6 2 4 2 2 3 3 3 3 5 4 3 2 4 5 3 4 4 2 4 2 1 1 1 2 3 5 6 3 4 5 6 2 3 2 2 3 2 5 6 2 4 4 1 3 5 2 2 2 1 4 2 2 1 6 3 5 5 2 2 1 4 2 2 2 2 3 6 4 1 6 6 1 2 2 4 2 2 6 2 2 4 1 4 3 3 1 5 5 2 4 4 5 2 2 6 2 4 4 6 4 2 5 3 3 5 2 3 4 3 5 2 5 4 3 5 2 2 6 2 2 6 4 4 5 2 5 5 6 6 6 1 4 5 3 1 2 5 3 5 6 5 5 1 1 2 5 6 2 2 2 6 2 1 5 6 6 4 5 2 3 2 4 5 2 4 4 3 2 4 6 4 3 2 5 3 4 3 2 3 6 4 6 1 6 1 1 2 4 4 4 2 1 3 1 6 2 2 5 3 4 3 5 3 2 1 1 5 2 3 1 5 4 5 2 2 5 2 5 3 1 1 3 5 4 5 3 3 6 3 5 2 1 5 4 6 4 2 6 5 2 6 4 4 4 2 4 1 5 6 4 4 4 3 2 2 2 4 1 2 5 6 1 5 5 4 2 1 2 3 1 4 2 2 2 2 4 2 1 4 2 3 3 5 4 4 4 4 2 2 3 6 3 2 4 4 6 5 2 3 1 4 4 2 2 3 4 4 6 3 4 6 2 2 2 5 4 2 3 3 5 1 3 5 2 2 2 2 2 2 3 2 1 6 2 6 1 5 5 2 2 4 6 2 6 3 2 2 4 5 2 1 6 2 2 4 3 5 4 1 2 2 4 5 4 5 2 5 4 6 2 2 3 4 2 4 6 2 6 4 5 2 2 2 2 4 5 5 6 3 3 4 2 1 3 5 3 6 4 2 1 4 5 2 3 5 2 2 2 4 4 5 2 4 2 2 4 3 1 5 2 2 5 2 2 2 1 2 2 5 4 1 4 2 1 2 4 3 6 3 3 2 4 1 1 4 5 4 3 3 6 5 1 3 4 1 1 2 2 2 3 5 3 6 6 3 4 6 1 4 2 2 2 3 6 5 1 2 4 2 5 6 1 3 1 6 1 1 3 3 3 6 2 4 6 1 4 4 1 3 1 1 4 6 2 6 2 2 5 5 1 1 4 2 3 4 2 4 2 2 1 3 2 6 2 4 2 2 4 3 3 3 2 2 4 5 2 5 5 1 6 2 3 2 4 2 2 4 4 3 4 2 5 2 6 4 6 2 1 4 5 5 2 4 1 6 5 2 6 4 2 2 3 2 4 6 2 2 2 3 1 3 6 6 6 4 4 5 4 6 6 6 1 3 3 5 2 3 1 2 2 3 2 2 4 5 2 2 6 5 1 4 2 4 4 2 5 3 1 1 2 6 6 1 5 2 3 4 5 2 3 1 2 2 2 5 4 1 2 5 6 5 1 6 2 3 3 3 2 4 4 2 2 2 6 5 3 4 3 1 3 3 3 4 4 2 1 3 5 3 3 4 4 3 4 4 2 5 5 5 4 4 6 1 2 5 3 2 3 5 5 2 2 2 6 4 3 4 4 5 3 3 2 2 2 6 2 2 2 6 4 5 2 2 2 2 5 2 2 1 2 6 1 4 2 2 5 4 6 6 3 1 1 5 3 2 2 1 3 6 1 2 1 5 1 3 2 3 1 2 5 3 2 2 6 1 3 6 5 6 1 4 3 3 2 2 3 2 3 6 5 6 3 5 2 1 2 3 1 2 6 3 3 5 1 3 1 2 3 5 2 2 3 6 5 4 3 2 2 1 3 4 5 4 2 5 1 2 2 4 2 4 2 4 2 5 2 3 2 6 4 6 2 3 2 2 6 5 1 4 1 1 1 3 5 3 5 3 6 2 5 5 6 2 2 2 3 2 3 4 4 4 5 4 2 4 2 2 2 3 2 6 5 2 3 2 3 3 2 1 4 4 2 2 4 2 6 4 2 2 2 4 4 4 2 2 2 2 1 3 3 3 5 4 3 5 6 4 5 5 5 4 4 5 4 4 1 4 2 2 4 2 3 5 1 2 1 4 1 5 6 2 5 2 6 2 5 5 5 2 1 1 1 3 4 2 2 4 5 3 4 3 4 2 4 2 2 6 2 6 2 5 2 3 5 5 2 5 3 3 4 3 4 1 5 5 1 4 2 2 2 3 5 6 1 3 3 2 3 6 2 3 5 1 4 2 1 2 4 6 2 6 6 3 2 1 5 3 4 3 5 3 6 5 4 3 5 3 3 2 3 2 5 3 5 2 2 5 5 2 2 4 1 3 2 2 6 6 4 5 5 1 4 2 5 6 4 2 3 2 3 1 2 2 1 3 3 2 5 5 2 3 1 1 2 4 4 3 5 2 5 5 2 5 6 2 4 2 4 3 6 3 2 1 4 2 3 3 3 2 4 2 4 3 1 2 5 1 2 3 2 2 3 4 5 3 6 2 2 6 6 6 2 2 2 2 3 1 6 4 2 4 4 5 3 5 2 2 2 4 3 5 2 1 2 3 3 2 4 5 2 4 5 6 6 6 2 2 5 6 3 3 4 4 3 3 4 6 6 3 3 2 1 2 2 2 6 1 5 6 1 2 4 2 4 1 2 5 2 4 2 1 4 4 5 2 2 3 3 4 2 5 3 2 3 2 3 3 2 2 4 3 3 3 4 5 5 2 2 6 4 6 5 2 2 6 4 1 5 4 5 2 3 5 4 2 4 4 1 6 6 4 1 1 5 1 2 5 1 5 2 2 3 2 2 4 3 2 1 6 3 4 4 3 5 5 2 3 5 1 3 2 1 6 2 4 1 5 4 5 2 2 2 1 6 2 2 6 2 1 3 4 2 1 4 5 5 4 2 3 1 5 2 4 2 3 3 1 3 1 2 6 5 2 1 1 2 4 5 1 2 2 2 4 2 1 2 2 5 4 5 4 3 4 2 6 5 2 2 2 4 4 3 5 4 6 3 2 5 4 2 6 2 2 5 2 4 6 3 6 2 2 4 6 2 2 1 4 6 2 3 1 3 2 3 6 4 5 5 4 6 4 3 2 5 3 4 4 2 2 6 5 2 3 2 2 1 4 1 5 5 3 1 2 2 3 2 5 2 2 1 2 2 2 4 5 2 5 1 5 3 4 4 5 3 6 5 3 2 6 5 6 5 4 6 2 1 3 1 3 3 1 1 2 3 5 3 2 4 4 5 4 4 2 2 4 6 2 5 3 2 2 2 1 4 2 1 6 5 4 2 4 3 5 6 3 1 2 5 1 2 2 5 1 2 2 2 2 2 5 4 1 1 2 2 4 1 4 1 4 2 2 2 1 1 5 4 2 1 3 3 5 4 1 3 2 3 1 1 3 1 4 5 1 4 2 6 2 2 2 3 4 4 1 2 5 3 2 1 5 2 5 5 4 6 6 1 5 6 6 4 6 4 4 1 6 2 5 1 1 2 6 2 1 6 5 3 2 6 4 1 4 5 2 1 2 3 3 2 4 2 5 2 6 4 4 2 2 2 5 2 2 2 1 2 2 2 4 2 4 2 1 5 3 2 2 4 5 6 5 6 2 2 2 6 2 2 1 3 4 6 3 1 2 3 2 4 6 6 3 2 6 3 1 2 5 3 2 3 4 1 6 4 5 1 4 2 2 5 2 2 5 2 5 2 3 2 3 2 1 3 1 2 4 2 2 3 2 2 1 4 2 5 3 4 4 3 2 1 5 1 4 2 2 2 3 5 5 5 2 3 2 2 2 5 6 3 6 2 4 5 5 2 1 6 5 3 6 5 4 5 1 3 4 2 5 2 1 1 5 6 2 4 2 1 2 4 1 2 2 3 3 3 2 5 2 2 6 5 2 2 3 2 2 5 5 3 1 6 1 4 5 6 3 3 4 1 3 6 2 2 3 4 3 4 2 3 6 4 5 3 6 5 2 1 6 2 6 5 3 2 2 4 6 5 2 5 5 4 6 2 5 4 2 2 5 4 6 3 1 5 4 1 4 2 6 1 2 5 2 4 6 1 5 1 4 3 4 4 1 4 1 2 6 6 2 5 5 3 2 3 3 2 6 3 4 5 2 2 3 6 2 5 2 2 3 1 3 2 2 5 6 1 6 3 5 2 5 1 4 5 2 6 2 2 2 6 3 2 4 4 2 5 4 2 6 6 4 5 5 2 2 3 5 5 2 1 2 5 6 6 1 1 5 4 1 3 2 5 1 4 2 3 4 2 3 3 5 6 3 2 5 6 4 1 3 2 6 1 3 4 3 5 5 3 3 3 6 5 3 1 3 4 5 5 5 4 1 2 4 1 6 3 3 2 3 5 4 4 4 6 1 4 1 3 4 4 5 3 2 2 2 3 1 1 5 6 3 1 2 2 3 5 4 5 5 1 3 5 2 5 5 4 5 2 3 2 1 4 2 5 4 1 4 5 1 3 6 5 6 6 4 4 2 2 2 6 3 2 5 4 6 5 6 2 6 2 6 6 4 3 1 4 6 2 2 6 5 3 6 3 2 2 5 3 5 5 1 2 2 2 4 1 6 4 5 5 4 3 2 2 4 4 6 5 2 4 3 5 3 6 6 2 6 4 5 3 2 4 2 1 2 5 1 2 4 6 1 3 5 2 1 3 4 2 2 6 4 4 1 2 2 4 6 4 5 1 5 5 1 3 2 6 2 2 1 3 2 6 4 4 3 1 4 3 5 2 2 2 3 5 2 2 5 2 6 5 6 6 5 1 2 3 5 3 4 3 2 4 5 2 3 6 2 6 3 5 2 4 4 4 4 2 4 1 5 5 2 3 5 2 4 2 3 4 6 1 5 2 4 3 6 2 4 2 1 2 5 4 3 1 1 6 5 3 2 5 3 6 2 6 1 2 1 2 2 5 3 3 2 6 5 2 6 2 4 2 3 1 2 2 3 1 5 5 5 5 5 6 6 3 2 2 5 6 1 4 2 3 6 5 2 2 6 1 2 3 5 2 2 1 5 1 2 2 3 6 4 4 4 2 1 5 1 6 1 1 6 2 2 1 1 3 3 3 4 2 3 1 3 2 2 4 2 5 5 2 2 6 3 1 4 5 5 1 2 2 2 6 2 2 3 3 5 2 5 3 4 2 2 2 5 4 2 4 1 2 5 6 1 2 2 5 2 6 3 2 3 2 1 3 6 6 1 4 4 3 4 2 2 3 1 5 5 3 2 2 3 6 6 1 6 2 1 2 5 2 2 2 2 3 5 2 5 5 5 2 2 2 3 2 4 1 4 1 2 5 4 2 1 5 6 5 6 3 6 2 3 3 6 3 2 4 5 2 2 4 2 4 4 1 2 1 5 6 2 2 3 6 4 3 2 1 3 1 5 2 6 3 1 5 1 6 4 5 1 5 4 4 5 5 2 2 5 2 4 6 5 5 2 1 4 3 5 5 4 6 2 3 5 6 4 5 2 5 6 5 3 5 2 5 2 6 2 2 3 1 5 1 3 6 1 4 2 4 2 6 2 3 5 1 5 3 6 5 2 2 2 3 3 1 2 2 6 6 1 2 1 5 3 4 6 6 6 4 3 3 3 4 5 5 4 4 5 1 5 4 5 3 3 3 4 4 3 1 4 1 4 4 5 1 2 4 1 1 2 3 6 4 4 6 6 2 6 2 6 4 1 2 3 2 1 6 5 2 2 3 1 2 4 3 5 1 3 3 1 1 1 2 2 2 4 2 4 2 2 2 1 3 6 4 4 5 4 2 1 3 4 6 5 4 2 2 4 2 4 2 1 2 6 2 1 5 4 2 2 3 4 4 4 5 2 2 3 6 6 3 5 2 4 5 5 5 2 1 3 2 6 6 4 1 1 5 3 4 6 2 1 3 2 2 4 5 4 1 5 2 2 3 2 4 3 2 3 2 2 2 5 2 3 2 5 2 2 3 3 4 5 5 6 5 2 3 1 3 4 1 5 2 1 4 4 5 2 5 2 4 5 4 5 4 2 5 2 5 1 2 1 2 2 2 2 3 5 3 4 1 2 1 5 2 4 2 2 1 2 6 2 2 3 5 4 2 2 2 3 4 1 6 3 2 2 1 4 4 5 6 2 4 2 2 3 2 1 2 3 6 5 6 2 5 5 4 2 2 2 5 1 2 5 5 1 4 2 1 4 3 5 2 2 2 1 1 2 6 1 2 3 6 2 2 4 6 2 6 5 3 3 3 4 5 4 3 2 5 3 2 3 2 5 6 5 2 5 3 6 2 2 3 3 5 6 5 5 1 4 1 5 5 5 5 5 6 6 5 3 5 2 3 2 1 6 4 4 5 1 1 2 2 2 5 1 4 2 1 6 2 6 3 1 2 2 1 4 2 3 2 5 4 1 3 1 2 1 4 2 1 6 5 2 2 2 1 4 6 2 2 4 4 2 6 5 1 6 2 1 1 4 5 6 6 3 4 1 2 6 2 3 1 2 5 1 1 3 2 1 5 2 1 1 2 5 4 2 6 4 4 2 4 1 2 1 2 6 5 2 2 3 3 2 5 2 1 5 5 1 4 2 5 4 3 4 3 2 4 1 5 3 1 2 2 4 1 1 2 2 2 4 6 1 2 1 4 3 3 1 5 3 4 6 4 1 5 2 3 4 5 2 1 1 1 2 2 1 5 4 5 3 3 4 2 5 6 2 2 2 4 1 5 4 4 4 2 5 5 1 1 2 1 5 2 2 6 2 4 2 5 3 6 2 2 6 3 3 3 1 2 2 4 3 5 3 4 1 5 2 3 2 5 3 5 6 4 1 2 2 6 3 3 2 2 1 2 5 2 1 6 1 1 1 6 2 1 3 6 3 2 2 2 3 1 4 3 2 3 5 1 2 2 1 5 4 4 4 2 1 4 3 1 5 3 2 5 3 2 1 6 2 4 2 4 4 6 2 1 1 1 6 4 5 6 2 3 1 4 1 4 5 4 3 2 1 5 4 2 2 1 5 5 4 4 2 4 2 4 2 2 4 3 5 5 2 6 1 2 3 4 3 2 6 4 5 4 3 4 1 5 2 4 1 2 1 2 2 2 3 2 3 2 2 1 4 6 6 2 6 5 2 2 4 3 5 2 6 3 4 2 2 2 1 4 5 5 2 4 3 1 2 2 2 4 6 3 2 1 3 4 2 2 1 3 6 2 2 4 2 2 5 1 5 2 5 2 6 2 2 2 5 2 1 5 3 3 2 4 3 2 4 6 2 2 3 1 3 2 2 2 2 1 2 3 2 4 4 3 6 3 3 6 1 6 2 5 2 5 2 2 5 6 4 1 2 1 4 2 2 2 6 1 3 4 2 5 2 6 1 4 5 3 2 5 1 6 2 6 1 2 1 6 4 2 6 2 1 3 3 2 6 2 6 2 4 1 3 1 2 1 6 1 3 4 5 1 1 1 2 2 1 5 2 5 2 2 3 5 4 2 2 2 3 5 2 3 2 6 2 4 5 2 1 5 1 4 4 5 3 3 3 4 3 4 1 3 2 5 2 2 2 5 2 1 1 6 3 3 4 2 5 3 6 2 1 5 1 2 4 2 6 2 3 5 5 5 2 2 2 2 5 4 1 2 5 4 1 2 3 3 5 2 5 1 5 5 2 6 4 5 3 4 4 6 2 5 1 2 4 5 5 2 4 6 2 3 2 2 1 6 2 5 6 4 1 1 4 1 2 3 2 4 6 3 2 2 2 6 2 4 5 4 2 6 3 3 4 4 3 2 1 2 3 2 1 6 2 2 3 5 5 6 3 3 6 4 2 4 3 1 3 2 2 2 1 6 2 5 4 2 3 2 3 1 6 2 2 3 1 5 2 3 2 4 1 6 2 5 2 3 1 3 2 4 2 1 2 3 3 3 4 2 1 5 2 4 4 5 2 6 3 5 3 2 3 6 6 3 4 4 3 4 2 4 4 4 1 4 3 6 3 4 6 3 1 4 3 2 6 6 1 5 3 6 3 4 2 3 6 2 1 3 4 2 4 2 2 6 5 1 5 5 2 4 2 3 5 3 1 4 5 3 6 6 1 1 1 2 1 2 4 4 2 4 2 1 3 2 3 6 2 5 4 2 3 2 2 1 6 2 3 3 3 3 2 5 4 6 5 5 1 4 3 4 4 2 1 2 6 2 6 4 2 2 3 2 3 1 1 2 6 4 3 4 5 3 3 5 5 3 3 4 4 4 3 2 6 4 5 2 6 2 5 2 2 4 3 3 6 4 5 1 2 4 3 5 5 2 2 5 4 1 5 1 2 4 2 1 2 6 6 2 3 3 2 5 5 6 3 4 2 4 1 6 4 3 5 5 5 1 3 4 3 2 2 2 2 4 5 2 4 2 2 3 4 1 1 5 3 5 4 4 4 5 3 1 1 4 2 6 3 2 5 5 5 6 3 1 6 2 4 2 5 2 2 5 3 3 2 5 6 4 4 1 5 4 5 4 2 4 5 2 1 4 4 3 6 4 6 2 4 6 5 3 2 6 6 2 4 2 6 2 1 2 3 2 5 5 2 3 6 1 1 3 1 6 3 2 6 3 2 3 1 4 2 1 1 2 1 2 3 1 2 2 5 1 5 4 5 3 1 2 1 2 2 1 5 6 5 3 6 2 4 2 5 5 2 4 2 5 6 6 3 6 1 3 5 4 2 3 1 4 2 6 2 4 6 3 6 5 5 2 3 4 4 4 2 3 2 1 1 5 3 1 6 3 4 2 2 2 2 2 3 6 5 5 6 5 3 5 3 3 3 2 1 2 6 1 1 2 3 1 2 4 4 5 3 4 2 3 1 4 2 1 5 1 5 2 2 3 3 3 2 3 5 5 5 2 4 5 1 2 3 2 2 1 1 3 4 2 6 6 3 2 3 6 3 5 2 2 5 3 6 1 5 6 6 3 5 2 4 4 4 2 6 4 3 4 1 1 1 5 2 5 1 2 5 5 6 2 4 6 2 1 5 3 4 2 3 2 2 4 2 1 4 2 4 2 2 6 2 3 5 4 5 2 2 2 2 2 4 1 4 5 4 3 1 2 2 5 1 4 2 5 2 2 2 2 2 5 5 4 1 5 4 2 4 5 1 3 5 4 5 2 2 4 2 2 2 2 3 5 6 2 6 3 3 3 6 3 3 6 3 4 1 2 1 2 6 5 6 3 1 2 1 4 3 2 4 2 3 6 3 2 5 2 5 2 2 3 2 4 1 2 2 3 2 2 2 2 3 2 6 2 6 1 3 2 4 3 4 4 4 5 6 3 6 4 1 5 5 2 5 1 6 2 1 2 3 2 2 3 3 4 1 6 4 4 4 6 2 1 3 6 3 1 1 1 2 5 2 2 2 4 6 4 3 4 2 5 2 5 1 1 4 6 1 5 3 1 2 4 2 3 2 3 1 5 1 2 4 5 2 6 1 4 6 2 5 4 1 3 1 5 6 3 3 3 1 5 1 4 5 4 1 2 4 2 5 6 1 2 2 6 4 5 4 2 4 3 3 2 2 3 4 5 3 2 2 3 2 2 2 2 2 2 2 2 5 2 1 2 1 3 6 2 6 5 5 4 4 5 1 1 2 2 4 2 6 6 1 3 2 2 2 4 1 2 4 3 3 2 2 5 2 5 5 4 3 1 2 4 5 4 4 6 6 4 3 4 3 5 4 2 2 4 2 5 4 2 2 6 3 2 2 2 2 2 5 3 1 4 2 1 6 4 5 4 4 6 4 5 4 2 5 4 2 5 1 6 3 3 3 5 2 4 4 2 2 2 4 4 5 2 6 4 1 6 3 1 3 2 4 6 4 6 3 2 2 4 2 2 4 6 3 5 3 5 2 4 5 2 3 6 1 5 5 4 2 5 1 5 3 3 2 2 6 3 3 6 2 2 1 2 2 4 6 5 2 5 5 3 1 2 2 6 3 1 5 1 3 5 2 4 4 1 2 1 3 5 5 2 3 2 6 3 1 4 3 3 5 2 2 1 4 1 2 3 1 2 1 4 4 5 3 6 5 6 2 3 1 4 3 2 2 6 1 6 6 4 1 3 1 5 2 2 6 5 2 6 4 6 6 2 2 3 3 4 5 4 1 6 3 1 6 2 5 5 4 1 5 2 3 6 6 1 3 2 1 5 6 4 1 2 5 4 3 1 6 2 4 3 6 6 4 2 6 3 3 2 3 2 3 5 6 2 2 2 5 4 1 3 2 2 2 5 2 4 4 1 5 2 1 1 3 3 2 1 5 4 3 4 6 5 2 3 2 2 2 2 1 1 2 4 2 2 2 3 2 3 2 5 4 6 4 6 6 6 1 2 6 5 5 4 1 1 2 5 6 4 1 5 3 4 6 4 5 4 1 2 5 2 1 3 2 3 4 4 1 2 3 1 2 5 5 6 4 5 2 4 3 2 2 2 1 1 1 4 2 2 2 2 3 6 6 4 2 2 2 1 1 6 6 4 4 3 4 2 5 4 4 6 4 2 1 3 4 2 2 6 1 2 1 5 2 2 2 1 6 2 6 2 2 3 6 2 4 2 2 3 1 4 2 4 2 4 3 2 5 5 5 2 6 2 2 5 3 5 2 4 1 5 2 6 6 1 5 1 2 4 6 3 2 2 4 3 3 2 5 2 5 3 4 6 2 6 2 2 3 4 1 3 2 2 3 2 4 5 6 6 1 2 2 3 3 1 2 2 1 6 2 5 2 1 3 2 4 2 3 6 3 5 5 1 3 3 1 1 4 2 3 5 2 2 4 2 2 1 1 6 5 3 4 2 4 3 6 4 5 5 1 4 1 2 2 3 3 1 1 1 4 6 5 5 1 6 1 1 3 5 4 4 2 4 2 1 4 3 2 2 6 4 3 4 5 4 3 5 4 2 1 4 6 4 5 3 4 2 2 3 1 4 1 1 2 6 2 1 2 2 6 1 1 3 2 1 1 2 6 2 1 3 6 3 5 5 2 5 5 2 5 5 2 5 6 4 5 2 2 2 3 3 6 4 4 2 2 3 5 2 6 2 5 4 3 2 4 2 5 5 5 4 1 2 1 1 5 4 4 4 1 6 2 5 2 2 3 4 4 2 5 6 1 2 6 1 5 2 4 3 6 3 2 2 3 5 4 3 6 1 3 1 3 5 4 6 4 5 5 5 1 4 1 3 5 2 6 6 4 5 2 3 2 1 1 6 4 2 2 4 4 5 2 6 4 2 6 5 5 3 1 1 1 6 1 2 3 5 3 5 5 3 3 2 3 1 4 6 5 2 2 4 5 4 5 4 5 2 3 4 1 2 6 3 1 5 4 2 2 2 3 4 5 3 4 2 3 2 1 2 6 3 6 4 2 2 6 1 3 4 6 2 4 6 1 5 6 2 3 2 2 5 1 2 5 4 2 4 3 3 5 2 1 2 2 2 1 5 4 2 1 2 1 3 5 2 2 5 2 3 3 2 3 3 6 2 4 1 2 3 1 1 3 4 3 2 3 2 3 5 2 1 2 2 4 2 2 3 5 4 2 2 6 5 2 6 2 5 6 2 2 5 3 2 2 3 2 6 5 4 2 1 5 2 1 2 6 3 3 1 2 2 4 1 1 6 1 3 3 3 2 1 3 5 2 1 5 3 5 1 2 3 5 2 5 4 2 2 2 3 1 1 2 3 2 2 2 4 2 2 4 3 6 2 4 2 4 1 5 3 6 2 6 6 2 4 1 4 1 3 4 2 2 4 2 2 3 2 6 4 1 5 2 4 2 3 3 4 4 3 5 5 6 2 6 6 4 3 6 3 2 2 2 2 4 2 2 6 3 1 4 3 5 5 6 2 2 3 1 6 2 6 2 4 5 2 6 3 2 3 2 5 2 3 2 3 5 4 3 6 4 6 2 1 2 2 2 5 3 5 1 4 5 4 5 1 4 3 4 2 5 2 4 6 1 3 3 2 2 3 5 2 2 4 5 5 6 1 2 3 1 1 1 4 3 4 3 2 2 1 2 5 1 2 2 6 5 1 4 3 5 2 3 2 3 1 3 2 6 4 2 2 2 3 1 5 5 1 2 6 6 4 1 6 2 2 5 3 3 5 5 5 2 4 1 3 4 2 4 2 5 5 2 2 4 2 1 4 1 6 5 4 6 5 3 2 3 4 6 6 6 2 5 2 4 5 5 6 2 2 5 6 2 1 4 2 4 2 3 2 2 5 4 6 4 3 6 3 2 1 5 5 2 1 1 2 6 2 4 1 2 2 1 1 4 4 5 4 2 3 6 4 4 2 2 2 5 1 5 1 2 2 3 4 5 1 4 1 3 4 6 1 5 6 5 2 5 5 1 3 2 5 2 5 5 2 2 6 3 5 3 2 2 5 2 6 1 4 1 4 2 5 2 1 1 2 2 5 3 4 2 4 4 2 2 2 6 4 1 1 3 6 2 4 2 5 2 1 3 3 5 2 5 6 3 6 6 5 2 2 6 6 1 3 2 2 3 1 3 2 3 2 4 5 5 3 1 2 2 2 2 5 2 4 2 5 3 2 6 6 1 1 3 5 3 2 5 4 4 4 3 3 1 2 2 6 5 1 4 6 4 2 6 5 2 3 4 2 6 1 1 2 5 4 1 4 3 4 5 3 2 2 4 5 5 3 1 1 3 1 4 6 2 5 2 1 3 2 1 3 2 3 5 3 6 4 4 2 3 4 1 4 1 3 2 1 4 4 2 4 2 5 5 3 2 4 2 3 3 4 1 2 4 1 5 2 3 2 4 2 1 3 4 3 2 2 2 3 4 2 5 1 5 2 5 1 2 2 4 5 4 6 6 5 1 2 6 3 1 2 2 1 2 6 4 2 6 4 2 1 3 5 5 5 3 2 4 1 5 2 3 2 2 1 5 4 6 3 1 5 2 2 3 2 1 2 2 2 3 6 4 1 3 1 6 5 2 4 3 3 3 2 1 2 4 6 3 6 4 3 2 5 2 2 2 4 2 3 1 4 1 2 6 3 2 2 2 2 2 2 6 5 2 2 1 4 6 1 6 2 4 3 3 6 2 2 1 4 1 5 2 2 1 4 6 3 6 1 6 4 2 3 3 4 3 1 2 6 2 2 5 1 3 2 3 5 2 2 2 2 2 3 4 5 2 5 6 4 5 5 2 1 1 4 2 5 4 1 5 2 4 4 2 6 4 2 2 2 3 1 3 5 2 6 1 5 2 3 2 1 3 2 2 5 3 5 6 3 2 4 2 6 5 2 6 6 4 5 1 2 2 3 1 2 5 1 5 3 2 4 5 1 4 1 5 1 2 3 2 6 1 1 1 5 1 6 1 3 1 5 4 3 2 6 1 5 4 1 2 6 3 6 5 2 2 2 2 4 4 4 1 1 5 2 3 5 4 3 1 5 3 4 5 2 1 1 2 4 2 1 2 3 2 2 2 5 6 3 4 4 5 1 3 2 2 4 2 2 5 2 3 1 3 2 1 5 2 4 5 5 2 4 2 1 2 5 2 5 2 3 2 2 2 3 5 3 2 1 1 5 6 1 4 4 4 5 1 4 4 3 1 3 6 2 4 2 2 2 4 2 6 4 2 3 4 4 3 4 2 3 2 6 2 4 5 5 4 4 1 4 1 5 3 3 5 2 4 2 2 3 2 1 6 3 2 4 6 2 5 2 4 2 6 5 3 5 1 5 2 6 1 1 5 5 3 6 2 2 2 2 1 4 2 1 5 3 4 3 3 2 6 5 1 2 1 2 2 4 2 5 2 2 2 2 3 4 5 1 3 1 3 5 1 4 3 1 5 2 3 2 1 2 1 2 5 2 1 1 5 2 6 2 6 4 2 5 4 6 4 3 3 2 3 6 3 5 3 2 2 2 3 6 5 4 2 2 5 2 6 2 2 6 2 6 6 2 1 2 5 2 6 2 6 4 4 5 5 3 4 3 3 5 2 5 2 1 5 4 1 6 4 5 4 3 2 1 3 2 2 6 3 2 5 3 2 6 3 4 2 5 4 2 1 6 4 2 1 4 6 2 3 4 4 2 2 3 4 5 2 2 6 6 2 1 5 1 2 6 2 4 4 6 3 1 2 4 4 6 1 2 4 5 2 4 2 1 2 2 4 6 5 5 2 3 2 3 4 5 6 2 4 4 3 4 3 2 3 5 4 2 5 1 5 4 6 4 2 3 6 1 2 2 6 2 2 4 2 3 3 6 1 2 5 4 2 5 1 5 2 3 4 2 4 5 2 1 6 2 6 5 6 2 4 5 2 5 1 2 4 2 3 1 2 4 2 2 4 1 2 2 5 1 3 3 1 2 2 4 5 5 6 3 2 5 6 1 5 2 1 5 6 2 1 6 2 2 2 3 5 4 4 5 6 6 2 2 4 4 3 2 4 2 2 2 4 2 2 6 3 6 2 3 3 3 2 2 2 2 3 5 2 4 3 1 3 6 2 6 4 2 4 2 3 3 4 3 1 2 6 3 5 2 5 2 3 5 2 3 5 6 1 2 3 3 4 1 6 2 3 3 4 2 2 1 6 5 4 5 4 3 5 4 2 3 1 5 1 2 5 2 4 5 4 5 5 5 6 2 6 2 4 2 5 2 5 2 3 4 2 2 3 2 5 5 2 2 2 3 2 2 2 3 3 1 2 1 2 2 5 2 6 1 2 5 1 1 3 3 4 5 2 3 6 4 2 4 4 2 4 3 6 3 2 1 3 5 4 2 6 2 2 4 2 5 2 2 2 2 2 2 1 3 1 2 2 1 2 4 1 1 4 5 5 4 1 5 2 2 5 3 2 6 1 5 4 3 5 3 4 2 4 4 2 2 4 2 5 1 2 5 5 3 1 4 2 3 5 2 4 3 4 5 3 6 6 1 1 3 6 5 3 2 2 5 2 5 1 3 2 3 1 4 3 1 2 2 5 4 3 4 6 1 1 6 2 4 4 3 5 2 3 6 6 6 1 4 5 2 5 5 3 4 4 2 2 3 3 4 2 6 2 3 4 6 2 4 2 5 1 2 4 3 6 6 2 1 2 6 3 3 4 6 5 2 3 2 6 1 5 2 2 6 6 2 4 2 3 2 1 2 2 4 2 2 5 2 1 3 4 1 1 5 1 3 2 6 4 2 2 2 6 4 3 4 2 3 3 5 2 1 3 2 3 4 6 3 3 1 3 2 6 1 2 1 2 4 2 2 2 2 2 4 2 4 3 6 4 4 4 5 3 2 4 3 5 2 3 4 2 5 3 5 2 4 1 2 4 3 5 6 4 2 1 6 5 6 6 1 6 2 6 3 4 3 1 2 1 3 2 3 4 2 5 6 4 4 6 2 2 4 3 2 3 2 2 2 6 1 6 5 2 2 6 1 2 6 5 6 6 5 2 6 5 2 3 1 2 2 5 2 4 2 2 4 2 5 4 2 2 1 5 2 3 4 2 5 2 5 2 4 2 3 5 2 3 2 6 4 2 2 5 5 4 4 4 1 3 3 2 4 4 5 3 1 1 4 2 4 2 3 4 6 4 3 2 1 5 5 3 6 1 4 3 5 2 2 2 3 1 6 6 2 2 5 2 2 5 3 2 2 2 2 2 4 4 4 4 3 2 1 6 2 4 4 2 3 1 2 2 4 6 4 4 2 6 4 3 5 6 1 5 3 6 3 4 1 4 5 4 6 1 1 6 4 2 1 5 2 5 4 5 2 2 4 3 5 3 5 2 6 2 2 5 4 2 1 3 6 2 3 2 5 2 4 6 5 1 2 4 2 3 6 2 6 5 2 4 5 4 5 2 2 2 6 4 2 5 4 5 1 3 2 6 2 3 3 3 3 5 3 2 5 3 2 3 2 4 3 6 2 4 4 1 2 5 5 6 4 4 2 6 2 3 4 5 1 5 3 2 4 2 5 2 4 2 2 2 2 3 2 2 2 5 4 2 2 4 1 3 5 5 6 1 1 3 5 3 2 2 5 2 5 2 1 5 4 4 1 6 2 1 1 6 4 1 4 2 1 4 3 2 2 3 5 3 4 3 3 1 2 3 6 6 3 3 5 4 2 3 3 3 5 4 6 3 3 5 6 5 2 5 2 1 1 1 4 2 2 3 3 2 3 1 6 1 4 6 4 2 2 4 1 2 4 4 5 2 1 3 4 3 3 3 3 5 6 2 2 5 1 5 4 5 4 1 6 2 2 5 2 5 2 2 2 2 5 5 5 4 2 3 1 2 3 5 3 4 2 2 4 2 2 5 6 5 2 2 4 3 3 2 6 1 4 1 2 3 5 1 5 6 5 1 4 2 3 3 5 1 1 6 5 3 3 1 2 2 5 3 4 6 2 2 4 2 4 1 5 6 5 2 1 5 3 6 5 2 1 5 1 2 1 6 2 5 1 1 2 3 1 6 4 5 2 3 5 4 1 4 3 5 2 2 4 5 6 5 4 3 5 3 2 3 6 2 4 6 2 2 1 6 5 4 2 2 2 2 6 4 2 3 3 5 3 2 2 1 3 3 1 5 1 4 1 5 1 4 3 3 6 3 4 1 4 4 2 4 4 3 2 2 3 1 4 1 3 1 2 4 4 5 3 2 3 1 4 6 3 2 4 2 2 3 3 3 3 1 3 2 1 6 1 1 1 5 6 2 2 3 6 5 3 3 5 3 2 5 2 2 2 2 3 5 4 2 6 3 5 4 6 2 2 5 2 2 3 3 4 6 3 1 2 5 2 2 2 5 3 2 3 2 2 2 4 2 3 5 2 2 2 5 3 6 1 2 5 4 2 6 1 2 3 3 4 4 6 1 5 3 5 2 5 4 6 5 3 3 2 2 6 4 2 3 2 2 2 1 3 5 2 4 1 2 1 3 3 1 3 2 2 1 1 5 4 1 6 3 4 3 2 6 2 2 5 2 3 5 5 5 5 4 3 3 5 1 2 3 2 4 4 4 3 2 6 1 2 3 2 2 2 6 1 2 5 2 2 2 4 4 3 5 1 2 2 6 6 2 5 2 6 5 1 1 6 4 3 3 2 6 5 2 5 2 3 2 2 1 1 5 4 2 4 4 1 5 6 1 2 2 2 3 1 2 3 2 2 6 1 5 3 1 1 5 1 5 3 2 2 1 6 4 6 4 5 2 4 4 2 1 5 2 2 5 3 2 3 4 4 4 5 2 6 1 4 3 1 2 3 4 4 2 2 6 2 5 1 6 1 4 3 2 1 5 3 6 4 1 4 6 1 4 4 2 2 6 2 2 3 5 1 3 6 2 3 4 1 4 3 2 4 2 5 1 3 4 3 3 5 6 6 6 2 1 3 5 3 2 6 4 5 3 3 5 5 4 4 6 6 2 5 1 2 4 6 2 6 4 4 4 4 2 3 2 6 1 5 2 3 3 2 2 3 1 5 2 5 4 1 2 3 1 4 4 2 5 2 5 4 5 2 5 2 4 1 1 2 4 6 3 4 2 2 5 5 2 2 6 6 1 2 2 2 4 5 1 5 2 2 3 1 6 4 4 3 1 2 3 1 3 3 3 2 6 2 2 4 2 3 2 2 6 5 2 4 1 1 1 6 1 5 3 2 3 4 6 1 1 4 4 2 1 1 2 4 4 5 2 2 6 5 5 6 2 5 4 6 2 5 2 5 1 4 3 1 2 3 3 2 6 3 3 1 1 4 5 3 6 5 1 4 2 1 4 5 5 3 4 2 2 3 2 2 2 6 5 6 1 6 5 2 5 2 1 3 2 5 2 3 4 4 5 2 2 5 4 2 4 3 6 4 3 4 2 3 2 1 2 2 5 4 5 4 4 4 4 5 3 6 5 3 6 1 4 2 4 5 3 2 6 6 2 4 6 3 2 4 1 4 2 4 2 3 4 5 6 4 5 2 4 1 2 2 2 3 2 2 1 5 3 2 2 6 3 2 2 2 5 1 2 4 1 2 1 5 6 1 4 5 2 6 5 2 5 3 6 1 3 1 2 4 2 6 1 1 3 2 2 1 6 5 5 6 4 2 3 2 3 4 6 5 6 2 6 3 4 2 1 2 3 6 2 5 1 3 2 2 4 6 2 2 2 2 5 1 5 6 4 2 5 4 2 4 2 2 2 4 1 2 5 4 2 4 5 6 3 2 2 4 2 4 6 2 2 1 4 6 5 2 5 2 2 2 6 4 2 6 1 1 2 5 6 2 6 6 4 5 2 3 2 6 1 2 1 5 3 3 6 2 6 1 2 1 6 2 2 3 3 1 3 6 2 3 1 4 2 2 3 3 2 2 6 1 3 3 2 5 4 3 5 5 2 3 2 6 5 4 5 4 4 4 2 6 2 3 3 4 5 3 3 2 4 3 5 3 2 2 2 1 3 2 3 6 4 1 6 2 2 3 4 4 3 2 4 2 5 4 5 2 2 4 2 2 5 2 2 1 4 2 1 1 2 6 4 1 4 2 2 1 3 5 2 6 2 3 2 5 1 2 3 2 3 2 4 2 5 6 6 2 4 2 2 2 6 4 5 6 2 4 3 4 6 3 2 6 3 6 2 2 2 3 6 5 3 2 1 2 4 1 2 6 3 4 1 3 1 4 2 5 4 2 1 4 1 3 4 4 1 2 2 4 2 2 6 2 3 4 5 6 2 3 2 3 6 4 1 2 5 4 3 5 5 2 6 5 2 3 2 6 1 1 1 3 3 2 4 2 1 6 3 2 2 3 1 3 3 1 3 4 6 2 5 2 3 3 2 4 4 5 1 3 5 5 6 4 6 2 4 6 2 4 2 1 3 6 2 2 1 4 2 2 4 2 3 2 5 6 3 5 5 1 6 3 5 2 3 3 2 5 4 4 5 2 2 5 6 4 4 2 4 3 5 2 5 3 2 2 2 2 3 6 3 5 2 1 4 6 2 1 6 1 4 5 5 2 5 2 2 1 2 2 4 5 6 4 3 6 6 6 5 4 6 4 6 1 5 2 4 4 1 6 5 3 1 2 2 5 2 4 3 3 6 5 4 3 4 2 5 1 4 2 2 1 6 2 6 1 4 1 3 4 1 3 2 2 4 2 2 2 2 2 1 3 1 1 1 4 1 2 6 1 3 1 2 1 5 2 1 3 4 2 4 2 6 4 2 2 2 3 6 1 3 3 2 4 3 3 1 3 4 3 2 3 3 1 1 4 4 3 4 2 2 2 4 4 5 1 1 4 6 3 2 3 6 5 3 2 2 5 6 6 6 4 5 2 6 5 5 2 3 2 2 3 2 1 4 6 5 2 6 4 3 3 4 6 3 3 3 4 2 6 1 2 3 4 3 5 2 5 1 4 4 4 2 4 2 2 4 6 4 2 6 2 5 5 5 3 1 4 2 1 2 4 4 2 1 2 5 3 1 4 5 4 3 1 5 3 3 3 6 2 2 1 2 5 2 2 3 2 5 3 2 6 1 5 6 3 4 5 2 5 2 3 6 1 6 4 4 4 3 6 3 5 5 5 5 3 2 6 4 3 4 5 5 1 3 6 5 1 4 4 2 3 3 2 5 4 2 5 4 2 5 5 2 2 6 4 3 5 2 5 5 2 1 2 5 2 5 2 2 3 1 6 6 2 4 6 3 2 1 2 1 5 1 1 2 4 5 3 2 3 4 2 6 3 5 5 2 2 2 5 4 1 2 4 5 2 2 1 5 6 5 6 2 5 4 4 2 3 4 2 1 2 2 2 5 2 3 2 2 2 2 6 2 2 6 4 1 4 3 6 5 4 3 1 3 1 2 2 1 4 6 2 2 1 2 3 6 5 2 3 3 4 5 3 3 5 6 4 2 5 5 1 5 6 2 2 5 5 4 1 2 1 3 3 2 2 5 1 4 3 4 4 3 4 5 1 6 5 1 4 3 1 1 6 5 3 2 6 2 2 2 5 2 2 2 2 4 1 4 1 4 3 2 2 2 1 4 3 4 5 6 4 4 2 1 4 5 3 3 5 1 5 4 6 3 6 2 2 3 2 1 2 1 6 5 5 5 2 3 2 2 2 2 5 3 3 4 2 6 3 5 5 2 1 2 5 1 4 4 4 6 5 6 6 6 2 4 5 1 5 2 2 5 4 2 2 4 5 2 3 4 5 5 5 6 3 5 3 2 4 2 3 2 6 2 2 2 4 4 5 2 3 3 3 5 5 2 2 5 5 6 2 6 5 4 2 4 1 3 2 4 3 3 3 2 2 1 1 6 3 2 1 4 5 5 2 4 4 2 1 1 2 1 3 1 2 2 2 4 4 2 2 2 2 3 2 2 3 6 6 3 1 1 1 2 5 6 1 4 1 3 4 4 3 2 4 1 1 3 4 1 2 3 4 3 5 2 6 1 4 4 5 4 4 6 2 6 4 2 1 4 6 5 6 2 2 2 1 3 1 3 6 4 2 5 5 5 3 3 6 2 2 2 2 3 5 2 4 6 1 3 6 5 3 6 4 2 4 4 1 5 4 1 1 2 4 1 4 4 6 6 5 2 3 4 3 3 2 3 3 5 4 5 2 2 4 3 4 6 3 2 5 3 1 6 1 4 4 2 2 4 2 1 2 2 3 4 2 2 5 2 6 3 3,2 1 4 2 5 2 2 2 3 6 2 5 2 3 2 2 2 2 5 2 1 4 3 5 2 2 3 1 4 3 5 5 6 2 2 5 2 1 5 5 6 3 6 6 5 6 2 1 3 3 2 2 5 1 2 1 4 5 2 4 4 4 1 6 6 6 4 2 2 2 2 3 4 3 4 4 5 6 2 1 5 6 3 6 6 4 3 1 6 4 1 4 1 3 2 2 3 1 6 2 4 3 5 3 2 4 1 3 5 2 4 5 6 3 1 4 5 5 4 2 1 2 3 3 3 3 2 2 2 1 2 5 1 2 2 3 2 1 2 2 2 6 6 3 5 2 2 2 2 3 2 1 3 2 3 2 5 1 4 5 5 5 3 5 5 2 6 2 4 3 3 6 3 6 2 4 6 5 1 3 6 4 2 6 2 2 2 4 3 3 2 5 3 4 4 1 2 3 1 1 2 3 2 1 6 1 5 1 4 5 3 2 2 4 4 3 5 6 4 2 6 3 5 3 2 4 6 1 2 5 5 4 1 2 4 2 1 6 3 2 5 2 5 2 2 2 3 4 4 1 1 6 2 6 5 6 2 2 5 4 3 4 2 4 5 1 3 2 1 5 6 1 3 3 2 6 2 4 2 1 6 6 3 2 6 3 2 6 1 4 4 2 2 3 3 6 4 2 2 4 5 5 2 6 3 4 3 2 2 1 5 2 2 4 1 3 1 3 2 2 2 5 4 3 6 2 4 4 1 4 4 2 3 2 2 4 3 5 4 2 6 2 4 3 2 5 4 2 4 4 1 4 3 5 2 2 5 1 4 3 3 5 5 4 4 4 2 4 6 1 5 2 2 2 1 2 6 2 1 3 5 2 5 1 4 5 5 1 6 1 1 5 6 3 6 6 3 2 2 1 1 2 5 4 6 5 5 5 6 2 6 3 3 2 4 3 2 2 5 5 4 2 2 2 4 4 2 5 4 3 3 2 1 2 2 3 4 5 4 2 6 2 4 4 1 6 1 1 2 5 3 1 2 3 6 2 5 4 5 1 6 1 3 4 3 4 2 5 3 2 2 4 2 3 3 4 6 2 5 2 5 1 2 5 2 6 3 4 1 6 1 1 2 6 1 3 1 2 4 2 3 6 5 6 3 4 2 3 6 6 2 4 2 4 6 2 5 2 6 3 6 2 3 6 5 2 5 4 2 2 2 5 2 2 1 5 6 2 3 6 6 5 1 4 4 2 2 2 4 5 2 6 3 2 5 2 2 2 4 2 2 6 2 6 6 2 2 5 2 1 2 2 6 1 4 2 1 6 2 2 3 2 3 5 3 1 1 5 4 1 2 2 5 1 3 6 3 6 1 4 3 4 2 3 1 4 2 2 2 4 1 2 4 4 2 2 3 5 4 5 2 1 2 5 6 4 1 2 6 4 4 6 5 1 2 1 5 2 3 3 4 2 3 4 2 1 2 3 2 4 2 6 1 1 1 3 3 4 1 6 5 3 2 2 1 5 6 2 5 6 2 1 2 2 3 3 5 1 2 3 4 2 3 4 3 3 3 4 6 2 1 4 5 5 1 2 2 1 1 2 3 6 1 4 2 5 5 3 4 4 2 1 5 2 3 3 5 5 2 3 4 1 4 3 6 2 1 4 1 4 2 3 6 4 2 4 4 2 3 2 2 5 3 5 4 4 2 2 6 5 6 5 3 3 6 1 1 1 6 2 2 1 5 4 1 3 2 2 3 1 1 1 2 5 6 1 6 4 2 2 6 2 3 5 5 3 1 1 4 4 2 1 3 3 2 4 2 2 2 1 2 3 1 2 6 2 2 2 2 3 2 5 1 4 3 2 1 5 4 5 4 3 2 2 2 3 3 4 5 5 5 3 3 2 1 3 3 3 5 2 4 2 6 5 4 1 3 5 2 2 1 4 2 1 2 2 5 6 6 4 4 2 1 3 3 5 1 4 4 5 1 2 2 2 6 3 3 6 1 1 3 4 4 2 5 4 3 4 1 3 4 5 3 4 6 3 3 4 2 5 5 3 3 4 2 2 1 5 2 2 3 2 2 2 3 2 5 5 5 1 2 3 2 2 2 6 4 4 3 1 2 1 3 2 6 1 2 4 6 2 4 5 4 4 2 2 3 5 1 5 5 6 5 2 3 5 3 6 1 1 4 5 6 1 1 5 2 4 1 2 1 3 2 4 1 3 2 4 6 2 4 1 4 4 1 2 4 4 1 4 2 2 6 2 2 2 6 1 5 6 6 1 5 2 2 3 5 2 1 3 5 5 6 5 6 1 6 5 5 4 1 4 3 3 2 2 5 2 2 3 4 2 2 4 4 4 2 5 3 2 5 4 5 1 2 5 1 5 3 2 6 6 3 5 4 5 2 2 6 2 3 4 2 4 4 5 2 4 6 4 4 2 2 3 5 2 2 3 1 3 4 3 2 1 4 1 1 2 1 5 1 1 1 4 6 5 5 2 1 2 3 4 1 1 2 3 2 5 5 1 3 2 4 3 2 3 5 1 5 6 4 6 2 3 2 3 3 3 2 2 6 2 4 3 5 5 6 5 2 4 3 5 1 3 4 1 3 5 1 2 1 4 2 5 1 5 2 5 2 5 3 6 6 2 2 1 1 1 2 4 5 3 4 6 6 4 1 2 1 6 2 6 1 2 2 3 2 1 2 2 5 1 4 5 2 2 3 6 3 4 5 4 1 5 2 4 2 2 3 3 3 1 2 4 5 2 2 2 2 6 5 1 1 3 1 2 2 4 2 2 3 3 4 2 1 2 2 4 3 6 2 2 2 3 1 2 2 3 3 6 5 3 1 2 5 5 4 2 5 2 2 4 4 1 2 2 1 4 2 5 6 1 3 1 1 1 2 6 6 2 1 3 6 4 6 3 1 1 6 5 3 2 3 1 1 5 4 6 6 2 1 3 4 2 5 5 1 2 3 2 2 4 3 5 5 1 2 6 1 1 5 5 5 4 5 6 2 4 4 4 1 2 3 2 2 4 4 4 6 4 4 4 6 3 5 2 2 2 2 1 5 3 3 1 4 2 5 1 4 2 2 2 4 2 1 2 2 2 4 6 5 6 4 5 4 5 2 3 2 2 3 3 4 1 2 4 3 3 3 4 2 5 6 6 2 3 2 2 5 1 3 1 2 1 2 2 2 2 5 2 6 4 5 3 3 6 5 2 2 5 3 2 2 2 6 3 1 3 2 1 4 4 5 3 4 6 3 2 4 2 5 2 4 3 2 4 1 3 4 4 6 2 1 6 6 3 4 3 2 6 2 5 3 6 5 2 2 5 3 2 5 5 3 4 2 3 1 2 4 4 4 2 2 6 4 6 2 4 5 4 4 5 5 5 2 4 3 4 6 1 4 3 3 5 2 2 6 2 1 1 6 2 2 4 2 5 1 2 2 5 5 5 2 2 2 4 2 1 4 3 2 4 3 3 4 1 2 1 5 6 6 3 2 4 4 2 5 5 4 2 3 5 2 3 2 3 4 2 4 2 5 4 2 3 6 2 6 2 2 5 2 4 4 4 3 2 2 1 1 3 1 6 3 6 4 3 4 5 3 6 3 2 5 4 2 5 2 5 2 1 5 4 6 4 4 4 2 2 4 4 5 2 2 3 4 2 6 4 2 4 1 5 2 4 2 5 3 4 5 2 6 6 1 5 3 3 5 2 1 5 6 4 3 5 2 2 5 2 5 4 2 2 4 4 1 1 2 2 2 1 2 2 2 5 4 6 5 5 4 2 6 3 2 6 4 2 2 1 2 5 3 4 4 2 6 3 2 5 2 5 5 6 2 3 2 3 5 5 5 4 4 3 4 4 6 2 2 2 1 5 2 1 3 6 6 3 2 5 5 6 2 3 3 4 3 2 4 4 4 5 2 4 2 2 4 2 2 4 6 4 5 2 2 2 4 1 5 3 3 1 2 3 2 6 2 2 1 2 1 3 4 2 1 1 2 2 5 1 2 1 6 1 4 6 5 4 4 6 1 4 6 3 2 3 2 5 1 3 4 2 2 2 2 2 2 4 2 2 1 1 5 1 4 1 5 1 3 4 5 4 2 4 4 5 1 2 3 4 2 2 4 5 2 3 1 3 5 6 5 4 1 2 6 4 1 4 2 2 3 4 2 2 3 1 2 4 2 1 2 6 5 1 1 5 5 3 3 2 4 1 1 3 5 5 1 6 2 6 5 5 6 1 4 2 1 5 4 3 2 2 2 4 5 2 1 3 5 2 4 5 1 5 5 5 2 2 2 2 5 1 3 6 3 3 2 2 2 2 1 4 4 1 2 4 1 6 6 2 3 2 1 4 2 2 6 4 2 2 2 2 3 2 1 6 4 4 1 1 2 3 1 3 6 5 5 5 5 6 2 1 5 5 5 4 1 1 6 2 2 4 1 4 5 5 2 2 2 4 2 6 6 3 6 6 2 5 3 4 2 4 2 2 2 1 5 4 5 6 5 6 1 6 2 2 1 2 3 4 1 6 2 5 2 2 5 1 2 5 5 2 1 4 4 2 6 4 1 5 5 6 4 2 3 3 2 3 4 4 2 2 6 2 2 5 2 3 5 3 2 3 4 3 5 1 3 5 2 2 2 4 6 4 5 2 3 2 6 6 6 3 2 2 1 3 3 5 1 2 1 5 3 3 5 4 2 4 5 4 3 2 3 6 6 2 1 4 2 6 5 2 5 5 2 6 5 6 3 4 4 2 2 5 5 6 2 2 3 1 2 2 5 3 3 2 4 1 5 5 4 3 4 1 2 6 5 3 3 1 3 2 3 3 3 6 5 3 2 4 2 4 3 3 5 5 1 6 2 4 3 4 4 4 6 2 2 4 2 2 3 5 2 6 2 4 4 5 1 6 3 1 3 5 5 2 5 4 2 5 1 5 5 6 3 5 1 5 2 1 1 6 2 6 6 5 2 2 2 2 6 2 2 2 2 2 4 2 5 5 2 3 1 1 2 3 4 3 1 6 5 4 1 1 4 4 2 3 1 4 5 2 6 5 3 1 3 2 1 2 1 6 6 5 3 3 2 4 2 1 3 1 1 1 3 2 5 1 5 6 4 4 4 3 2 2 4 3 5 2 6 1 1 1 1 1 2 4 5 3 1 1 4 6 3 2 5 2 6 6 5 3 6 4 6 2 2 1 5 2 2 4 6 1 2 6 1 3 5 4 2 1 3 3 2 2 4 1 2 1 1 5 2 4 2 5 1 4 3 1 4 1 5 4 4 5 4 4 2 5 4 6 1 6 6 3 2 2 6 6 2 2 1 2 5 4 1 3 2 4 4 5 4 2 2 5 2 4 5 2 5 2 4 6 5 2 6 4 2 3 5 6 6 2 4 2 4 5 4 4 5 2 4 2 2 6 1 5 6 2 2 2 2 2 4 2 1 4 2 2 6 2 2 5 2 5 6 2 4 6 3 2 3 2 2 4 2 4 6 2 3 2 4 6 3 2 5 6 3 4 2 3 2 5 5 3 2 3 3 3 2 2 6 5 6 2 5 2 1 3 3 2 2 3 1 4 2 2 2 6 2 6 5 2 6 4 3 2 2 1 5 1 1 2 4 1 6 6 1 4 5 2 2 3 3 2 1 4 3 1 3 2 2 4 2 3 1 2 1 2 5 4 5 3 2 5 6 2 2 2 4 2 6 2 1 4 3 1 4 6 2 5 2 3 6 2 2 1 2 4 2 2 5 5 2 2 6 5 4 4 1 1 2 4 3 2 1 4 2 1 2 2 2 4 1 4 5 2 1 4 1 2 5 2 4 1 4 6 4 2 1 5 2 2 6 2 1 3 1 6 6 3 4 2 2 2 4 3 2 2 2 3 3 2 5 2 3 3 2 6 2 2 4 4 6 4 3 2 5 6 6 2 2 4 4 6 2 2 3 6 1 6 3 3 3 2 2 6 6 2 5 1 1 6 5 5 4 6 1 5 3 5 4 2 3 2 2 4 6 6 4 1 2 2 4 4 5 5 2 3 2 5 3 3 3 4 2 5 6 6 6 2 2 6 2 6 2 2 5 2 2 2 6 1 2 3 4 6 2 2 3 4 5 5 3 5 1 4 2 2 2 6 3 4 6 6 4 4 3 4 2 5 2 2 4 3 4 1 4 6 1 3 2 5 2 6 6 2 5 2 2 6 2 4 1 5 1 5 5 1 2 4 2 2 6 2 2 4 4 1 5 6 3 3 4 1 5 1 2 6 1 3 5 2 1 5 2 5 3 3 1 4 3 6 6 5 3 6 5 3 5 5 4 5 2 4 4 4 5 3 2 4 5 3 6 4 5 4 1 4 6 2 3 2 5 3 2 3 2 2 6 6 6 2 2 5 5 5 2 2 6 1 3 2 2 2 2 2 2 2 5 1 3 5 2 2 5 4 1 4 5 3 2 4 2 5 2 5 6 2 5 3 5 1 4 4 4 4 3 3 4 4 5 2 4 2 6 4 2 5 2 2 4 6 4 4 2 2 4 3 6 4 4 2 3 6 3 4 3 2 2 5 2 3 4 3 2 5 2 1 2 2 5 3 5 6 2 2 5 4 5 6 2 6 3 2 3 5 2 6 5 3 6 1 1 3 1 4 2 5 3 3 3 2 2 2 6 2 1 2 3 5 2 2 3 2 4 2 1 6 2 6 1 5 2 3 3 2 2 6 4 2 4 5 5 4 1 6 5 1 5 4 1 2 2 5 4 4 1 3 2 3 4 2 3 2 2 1 3 2 2 3 5 2 3 1 3 3 4 1 1 5 6 2 5 2 4 1 6 2 2 2 2 4 6 5 1 3 3 3 3 2 6 5 3 2 3 2 4 2 4 2 3 2 3 5 5 5 5 5 1 2 1 5 3 4 4 2 2 3 4 6 3 4 2 2 6 2 1 2 2 6 3 3 5 2 3 2 6 2 6 2 3 5 2 6 2 2 2 2 2 5 4 2 4 4 1 4 1 2 1 3 4 2 6 1 2 1 2 2 5 4 5 2 4 4 2 2 2 4 2 2 1 3 3 3 2 1 4 6 3 5 1 2 3 5 6 1 5 2 4 4 3 3 2 4 4 1 2 6 1 5 2 4 2 2 2 1 2 5 3 2 3 2 1 3 5 1 1 2 4 6 4 1 1 3 3 6 4 5 2 4 1 1 6 2 5 1 4 1 2 2 2 4 6 4 4 4 4 4 1 4 4 1 5 6 2 5 2 5 4 5 2 5 2 1 2 5 5 5 4 3 6 2 2 1 3 6 2 4 3 2 2 3 5 4 2 2 6 3 4 3 2 2 1 1 2 3 2 2 2 6 4 2 3 3 1 3 2 2 2 2 3 6 2 2 5 3 5 5 5 3 6 3 2 1 5 1 2 6 1 2 2 6 4 4 2 2 1 2 5 5 4 3 4 2 1 3 1 5 5 1 2 3 1 4 3 2 5 4 1 4 1 3 3 3 2 2 1 5 5 1 5 2 3 1 3 4 1 4 2 4 4 1 3 2 1 6 5 2 2 1 6 2 2 2 3 4 5 2 3 5 2 6 2 2 5 5 5 2 3 2 5 2 4 5 4 3 5 2 2 6 2 3 3 5 1 2 2 6 2 3 2 4 3 3 1 2 5 2 2 3 1 4 4 3 3 3 2 4 2 2 2 4 1 6 4 3 3 6 4 2 3 2 3 6 5 1 1 1 1 2 2 6 6 2 4 2 2 2 2 1 4 1 3 4 1 6 5 2 3 4 5 4 2 6 5 2 2 6 1 2 3 2 1 2 2 5 2 5 2 2 5 2 4 4 2 3 6 3 4 6 6 2 1 5 3 2 1 1 1 3 3 4 5 5 2 2 2 5 3 2 1 4 3 2 6 2 1 3 1 3 6 2 2 2 5 6 4 6 1 5 6 2 4 6 4 4 2 6 6 2 5 3 1 1 4 1 1 3 1 5 2 3 2 5 3 2 2 4 2 6 5 5 5 6 6 6 1 5 5 2 3 4 1 3 5 6 2 1 1 3 4 3 3 4 1 2 2 6 6 6 6 2 3 5 5 2 1 5 3 5 2 3 5 2 2 4 2 2 2 2 4 1 1 3 2 5 2 2 1 5 3 1 4 4 1 2 2 3 2 2 2 3 5 2 4 2 3 6 2 6 1 2 4 5 1 2 2 1 1 2 2 3 3 1 4 4 1 5 4 2 5 6 6 2 5 2 1 5 1 2 2 4 5 2 5 6 5 2 2 5 3 2 6 4 4 2 2 2 3 4 3 5 6 2 2 3 4 4 6 1 2 4 2 1 1 6 2 6 2 1 3 5 4 4 4 3 3 4 3 3 6 5 4 2 6 6 2 1 5 4 4 4 2 2 2 3 1 3 3 2 5 4 5 3 5 2 2 5 4 5 2 3 4 2 3 1 4 4 3 1 2 5 4 4 1 2 3 5 2 3 3 3 5 1 6 3 2 2 3 3 4 3 2 4 5 3 2 6 3 2 2 4 4 2 5 4 2 2 2 4 3 2 4 4 3 4 2 6 4 3 5 4 3 3 2 1 2 2 1 3 4 5 2 4 3 4 3 2 5 2 3 6 2 5 3 4 3 3 2 2 4 6 6 3 1 3 2 5 2 1 3 3 2 2 6 5 4 3 4 2 5 4 5 5 3 4 4 2 5 5 3 3 2 3 2 2 5 6 2 4 2 4 3 3 4 4 3 2 2 6 6 5 2 4 2 1 1 2 1 2 1 5 1 3 4 4 4 1 3 5 4 2 2 2 2 1 2 2 1 2 2 2 3 4 2 6 2 2 2 1 1 3 1 1 2 5 6 1 3 5 4 1 2 1 2 1 3 2 1 5 1 6 3 2 1 2 3 2 3 6 1 2 3 3 3 4 6 3 5 1 3 2 4 5 3 3 5 2 4 5 1 1 2 6 3 2 2 2 3 2 5 1 5 1 2 4 5 1 2 6 4 1 4 3 5 2 5 3 2 1 2 3 1 1 4 2 4 4 2 2 2 2 6 2 3 4 3 6 1 2 3 1 2 1 1 1 6 2 4 5 3 4 2 5 5 4 2 1 6 1 1 3 3 4 5 3 5 2 3 5 3 2 3 3 2 2 6 4 3 2 5 3 2 6 3 3 4 5 1 4 5 5 1 4 4 4 3 5 1 2 5 2 3 1 6 4 4 2 3 2 2 5 2 2 2 1 2 2 2 6 1 2 4 2 4 4 1 2 2 2 2 5 2 3 3 6 2 1 2 6 1 5 2 5 2 6 1 2 2 5 3 2 2 6 3 5 5 5 6 3 2 2 5 2 1 4 4 2 3 5 4 3 5 5 4 5 1 3 3 4 3 4 6 1 5 6 2 3 2 2 6 2 3 3 2 2 3 2 2 1 6 4 2 2 5 6 4 5 3 4 4 3 3 2 5 1 3 3 5 4 2 6 4 4 5 5 4 2 2 2 1 3 1 4 2 6 4 4 2 4 2 1 3 6 5 2 1 2 4 6 1 2 1 5 3 1 2 2 5 3 4 4 1 4 4 3 5 4 3 3 2 2 2 2 2 6 1 3 6 1 5 1 2 6 2 5 2 3 2 2 5 3 1 3 3 1 5 5 4 2 2 2 5 2 4 1 1 6 4 1 4 3 2 5 2 4 1 1 1 2 3 1 2 2 4 2 1 2 2 1 2 2 1 1 4 6 2 6 5 4 2 2 5 2 2 3 3 5 1 5 4 3 2 3 3 4 5 3 2 2 2 2 3 3 3 2 2 1 6 1 6 2 2 3 6 3 5 5 1 1 2 5 3 2 3 5 2 1 4 4 3 2 4 2 2 2 5 1 2 2 3 2 5 1 6 2 2 3 2 3 2 5 1 5 4 4 4 3 4 4 4 4 6 6 4 3 4 2 1 2 5 2 2 3 3 1 2 5 2 4 2 1 4 4 3 2 2 2 2 2 2 2 5 1 2 4 2 2 4 2 3 4 5 3 2 2 6 4 2 2 6 3 1 3 3 4 1 1 2 3 6 3 1 4 2 4 2 4 3 4 3 3 6 4 2 4 2 1 6 6 5 6 4 3 3 2 5 3 5 3 2 1 4 6 5 2 2 5 6 2 2 4 3 2 4 2 6 1 4 2 5 3 3 4 1 2 3 2 3 5 5 5 2 2 6 6 5 2 4 4 5 5 4 1 1 6 1 3 4 6 1 6 5 1 3 2 3 4 3 2 6 3 5 5 4 1 2 6 3 1 1 1 3 6 6 4 3 2 2 6 1 2 2 5 1 2 4 2 6 6 5 2 3 3 6 2 6 3 2 4 3 2 4 1 5 6 2 4 1 2 1 6 5 3 4 3 6 2 5 5 1 5 2 2 1 1 2 2 2 3 5 6 3 3 3 2 4 3 4 5 2 5 6 1 5 1 1 4 3 3 2 2 3 6 5 3 4 2 4 4 2 2 2 5 2 1 6 4 5 6 6 2 6 1 3 2 5 2 3 5 2 5 3 3 2 5 3 2 2 2 1 2 6 5 4 4 1 4 6 2 2 1 3 2 5 5 2 1 4 4 6 2 3 2 2 5 2 2 5 3 2 4 5 1 2 2 1 6 4 5 1 4 5 3 5 6 5 5 4 6 6 3 3 5 2 6 2 2 3 3 6 6 2 2 6 3 4 1 1 3 2 4 5 6 6 2 1 4 3 3 3 1 4 1 2 4 2 2 2 6 6 1 2 5 5 5 3 4 2 4 1 2 1 2 1 4 3 3 2 6 2 2 5 4 4 5 3 1 6 3 5 2 2 1 5 2 2 2 5 2 6 3 1 5 1 5 2 6 2 6 4 1 5 5 1 3 1 4 1 1 3 5 1 5 6 4 2 5 1 3 2 2 3 2 4 1 1 3 4 2 6 5 1 3 2 4 2 2 2 2 5 1 2 4 2 4 4 2 3 3 4 6 4 2 5 2 1 3 4 4 4 5 5 2 2 4 3 2 2 6 1 2 4 5 5 2 5 5 2 4 3 3 6 3 5 1 2 3 4 3 2 2 2 5 4 5 4 2 4 3 4 2 3 3 2 2 6 2 2 4 1 2 6 4 2 4 2 2 5 6 6 4 3 2 1 3 3 2 6 3 6 2 4 2 5 6 3 5 1 5 3 6 3 5 5 4 5 4 3 4 2 5 3 4 4 6 3 4 3 2 6 2 1 2 5 2 3 4 2 2 1 4 3 4 4 1 5 3 1 5 2 2 5 5 4 3 2 5 1 6 1 2 2 5 6 1 2 4 3 4 4 5 4 5 3 2 6 2 2 3 2 3 5 4 4 6 4 1 2 6 2 6 2 3 4 4 6 4 2 6 5 4 2 2 2 6 2 4 4 5 5 2 1 6 6 2 5 6 4 5 5 6 4 4 4 4 5 3 6 2 5 3 2 2 3 2 4 2 2 2 5 2 2 6 2 5 2 5 3 6 2 3 2 4 2 3 2 4 3 4 5 3 1 2 6 3 4 2 5 5 4 5 1 2 2 4 4 5 5 6 3 5 1 4 6 6 3 3 1 6 5 5 2 2 5 5 5 3 6 3 1 4 2 1 1 4 2 6 3 1 5 2 2 3 4 2 4 2 5 1 3 5 3 3 5 4 6 4 1 1 3 3 3 1 2 3 4 4 5 5 1 6 6 1 6 2 4 2 2 5 2 1 4 2 3 2 1 2 2 4 1 4 3 5 4 2 5 5 4 4 4 1 4 2 3 5 6 3 2 1 5 6 5 5 1 2 6 1 4 4 3 1 1 4 3 2 1 3 2 5 4 6 2 5 5 4 2 2 5 2 3 3 1 6 4 2 5 2 3 2 5 3 4 3 1 2 3 2 5 1 3 1 4 5 2 4 2 2 6 4 2 4 3 1 6 1 5 4 1 4 4 6 2 5 1 5 5 4 4 6 3 3 6 5 2 5 4 2 2 2 2 1 2 2 2 2 1 4 5 5 2 5 3 6 2 5 3 3 2 4 2 2 1 3 5 4 6 1 1 3 2 3 3 1 6 1 2 2 4 3 5 4 3 4 5 4 4 2 2 2 5 4 4 2 2 2 1 3 1 3 2 2 3 2 2 3 4 2 2 2 6 5 5 2 2 5 3 2 6 3 3 5 4 2 1 5 2 5 1 3 2 1 3 1 4 6 2 2 5 2 6 5 3 2 2 5 2 2 5 3 4 4 2 1 4 3 3 4 5 1 4 4 3 1 4 4 3 5 2 1 2 2 6 2 2 2 3 4 1 1 3 3 2 4 1 3 3 2 5 4 4 6 2 2 2 2 4 1 4 4 2 2 5 2 2 5 2 1 3 3 3 1 6 3 6 2 4 3 1 5 3 2 2 2 4 3 2 2 3 2 4 2 3 3 5 6 5 2 6 5 2 4 6 2 2 6 4 5 1 3 6 2 3 6 2 1 3 5 6 1 6 2 2 4 5 5 2 4 5 2 1 5 4 5 6 2 6 5 6 3 5 5 6 2 4 2 4 1 6 6 4 4 3 3 2 1 6 4 2 4 3 4 6 1 6 5 2 6 5 4 5 5 2 1 3 4 1 5 2 1 3 5 3 6 3 1 2 5 2 2 2 1 2 6 2 1 2 2 4 3 3 4 4 3 3 4 5 3 4 4 4 2 1 2 2 3 1 2 2 4 6 2 2 2 4 6 5 5 2 3 2 3 5 4 3 3 3 4 6 5 4 1 2 6 3 2 5 2 1 3 5 2 1 3 6 3 3 2 5 6 4 3 5 5 2 6 1 3 2 6 3 5 3 5 3 3 2 3 3 2 2 1 3 2 5 4 5 4 3 1 2 2 6 3 4 1 3 1 4 4 2 2 3 1 2 6 1 1 5 4 4 4 2 3 2 6 2 4 1 2 5 6 1 3 2 1 6 5 1 3 4 6 4 2 5 4 2 6 1 2 5 2 4 2 4 3 2 4 6 6 5 4 5 3 5 5 4 5 2 3 5 1 3 1 2 1 6 4 4 4 4 6 4 6 3 6 2 5 3 4 5 6 3 4 2 6 4 5 2 1 6 4 5 3 3 3 1 6 6 5 2 1 1 2 5 2 2 6 5 4 5 3 5 2 4 4 1 3 6 4 4 2 2 2 2 2 1 5 2 1 4 4 5 4 5 2 3 2 4 1 4 5 2 2 3 1 4 3 6 3 1 4 2 2 2 4 4 2 2 5 2 2 4 6 3 6 1 3 5 2 6 2 4 1 2 3 2 2 4 6 1 2 3 6 1 5 2 5 2 3 2 5 2 4 4 5 1 3 1 2 4 4 2 6 2 6 3 5 1 1 4 1 4 6 4 3 3 1 2 2 4 5 3 2 3 3 6 3 3 6 2 4 1 6 4 6 2 2 2 6 1 1 3 1 6 5 4 2 6 3 1 3 1 3 2 2 5 4 2 3 5 2 6 2 5 2 2 1 1 1 2 2 2 1 4 6 5 3 2 2 2 2 4 1 2 5 3 2 3 3 5 2 4 1 4 4 5 2 2 6 2 4 2 3 6 5 1 4 2 6 6 4 4 6 2 2 5 1 4 3 2 2 2 5 3 6 1 3 3 3 2 1 5 6 2 3 3 1 2 6 3 2 2 3 4 2 2 5 6 2 5 6 4 2 1 4 1 2 5 2 2 2 3 4 2 5 1 1 2 2 3 1 4 6 2 2 4 6 4 5 2 2 3 6 3 3 5 2 1 2 6 3 5 4 2 6 5 2 1 5 3 4 6 1 4 1 4 2 2 1 5 3 1 2 1 2 6 6 2 6 3 1 3 3 5 3 2 2 4 1 2 6 2 6 6 3 3 3 3 3 3 4 4 2 1 5 4 4 4 4 2 6 1 3 2 1 3 1 5 4 5 2 2 2 1 2 2 2 6 5 4 4 4 4 5 4 3 4 4 2 6 2 6 3 2 4 1 5 2 4 2 2 5 4 1 5 4 5 2 2 4 2 3 4 2 6 3 4 2 2 3 3 1 5 1 6 2 2 3 4 4 5 5 1 1 5 2 5 5 6 2 6 2 3 4 3 1 2 6 5 4 4 2 2 5 5 2 3 2 3 2 4 2 2 2 1 6 2 4 4 1 4 4 4 3 6 3 2 3 1 2 1 1 5 3 4 4 4 5 1 5 1 2 5 2 4 3 6 1 2 4 1 2 2 2 2 5 2 2 6 5 4 5 1 4 4 2 5 2 2 3 2 6 1 6 4 2 2 2 6 5 3 3 1 5 6 3 2 5 1 3 2 5 1 6 4 4 3 6 3 4 3 6 4 2 2 3 2 3 3 5 2 2 6 6 4 5 1 5 2 5 4 5 4 4 5 1 2 3 6 2 2 6 4 5 1 1 3 5 1 3 2 5 2 2 4 4 2 5 4 2 1 5 3 4 4 2 2 4 3 2 5 3 3 6 3 2 2 5 3 3 5 1 6 5 1 1 2 5 1 2 1 1 4 6 3 4 3 4 2 4 3 6 3 5 5 6 1 5 3 6 3 3 5 2 2 5 4 2 1 3 6 3 6 6 5 3 4 2 4 4 2 6 2 6 4 6 2 4 2 4 4 4 4 4 4 5 3 5 2 6 3 6 6 3 2 2 1 5 4 3 3 6 2 4 4 5 5 2 3 5 2 5 5 2 2 5 5 2 4 4 3 3 1 2 4 2 6 4 2 6 2 5 2 2 5 3 5 6 3 5 2 6 5 3 2 2 5 6 2 4 3 3 6 5 6 5 5 2 2 2 4 2 5 2 4 5 4 2 4 4 5 1 2 4 2 6 5 2 3 3 6 2 3 2 2 3 1 1 5 3 5 6 4 4 4 4 2 2 2 6 1 1 4 5 1 5 4 4 2 4 1 1 1 4 2 1 4 2 2 5 2 5 5 3 6 3 2 3 6 3 1 5 2 6 2 3 5 4 3 5 2 2 3 6 5 5 1 2 2 2 4 6 4 2 6 4 2 2 4 2 5 2 6 2 3 5 1 2 1 4 3 6 6 2 3 3 6 2 4 6 2 6 6 1 5 3 6 1 2 1 2 2 6 6 1 2 5 3 6 4 3 4 4 2 2 6 4 4 4 5 3 5 4 1 4 4 2 2 1 4 2 4 3 5 3 6 5 1 1 5 2 6 6 2 4 2 2 2 1 2 1 6 4 4 3 2 1 3 2 4 4 1 2 1 2 5 3 6 5 2 4 3 3 2 5 5 2 5 2 3 5 3 2 4 5 1 6 2 2 3 6 1 5 5 6 4 1 6 3 1 5 2 4 2 2 6 5 3 3 2 5 3 6 3 2 5 6 1 2 2 3 4 2 3 5 6 2 2 2 2 2 1 6 2 1 4 4 2 2 4 4 1 1 4 3 5 4 3 5 2 5 2 2 6 6 2 6 5 2 3 5 1 5 2 6 3 4 4 1 4 2 2 4 4 1 6 2 4 4 2 3 1 4 2 5 2 2 5 4 4 1 4 3 1 1 5 2 2 4 3 1 2 2 2 2 5 4 2 1 5 6 1 4 3 4 2 6 2 4 6 3 6 5 1 1 4 2 4 2 1 6 1 1 2 2 5 1 4 2 2 5 3 2 2 2 5 6 3 4 4 3 5 4 2 6 5 2 3 4 3 4 3 5 2 3 1 3 4 5 2 1 4 1 2 1 6 1 1 1 3 2 4 5 3 2 2 2 2 1 2 2 4 6 3 1 2 5 3 3 2 3 6 2 2 5 1 3 3 2 1 4 2 3 3 3 2 6 6 2 6 2 5 2 5 2 2 2 2 2 6 2 6 1 3 6 6 2 4 2 1 2 6 5 6 2 2 2 4 3 4 2 1 4 4 6 1 6 5 2 2 2 2 4 5 5 2 5 5 2 3 2 2 4 4 4 3 3 2 1 2 1 1 6 6 2 2 3 4 5 2 4 4 6 1 1 3 3 6 4 2 4 3 5 1 4 5 3 2 1 2 2 6 4 3 4 1 2 5 5 3 2 6 2 5 2 1 3 2 2 2 4 2 5 4 5 5 2 1 2 4 3 2 6 2 2 6 5 6 6 5 6 6 2 5 5 3 6 6 3 6 2 2 5 2 4 3 4 5 5 1 2 2 6 5 1 5 1 5 5 6 1 2 3 2 4 3 4 6 4 4 5 4 1 3 1 2 2 6 4 5 6 2 6 3 1 1 1 2 3 1 1 3 1 4 4 2 2 4 2 4 5 2 6 6 3 4 3 2 1 2 5 4 2 3 6 6 2 2 5 5 4 2 2 4 2 3 1 1 3 2 2 3 5 6 1 2 3 4 4 6 2 5 2 6 3 5 2 4 4 5 5 2 1 2 2 2 2 5 3 2 3 2 5 2 3 5 5 1 2 1 1 3 3 5 5 6 2 6 3 2 2 3 3 2 3 2 4 2 3 3 4 2 3 2 3 4 4 1 4 4 2 5 4 2 2 2 2 2 6 2 1 1 1 1 2 3 2 2 2 4 6 2 2 6 3 2 2 2 2 4 3 1 2 2 4 3 6 5 2 5 1 2 6 5 6 2 1 3 6 3 5 2 4 1 2 5 2 1 2 6 5 2 1 1 4 6 6 2 6 2 2 5 4 3 2 2 6 1 3 2 4 3 4 2 1 5 6 6 6 3 5 3 5 5 2 4 5 3 3 3 4 3 1 6 4 1 2 2 5 1 2 4 4 6 2 1 2 4 6 2 6 1 1 3 1 3 4 3 5 6 5 6 2 3 2 1 6 3 5 5 3 2 2 2 2 2 1 6 2 6 3 4 2 5 1 2 3 6 2 1 2 2 1 6 5 3 2 2 6 3 6 5 6 6 2 5 3 2 3 1 1 5 3 1 4 3 2 5 5 3 6 2 2 6 4 6 3 6 3 2 4 6 6 5 2 4 5 1 1 5 2 3 5 4 5 3 3 2 4 5 5 4 2 2 2 2 1 2 4 2 6 2 1 4 6 4 2 2 6 6 3 4 3 2 5 5 6 6 1 3 1 3 2 4 3 3 1 2 3 3 2 5 4 2 2 1 3 2 5 1 1 5 2 3 4 4 1 2 5 5 1 5 3 1 2 3 1 2 4 2 3 2 1 4 4 6 2 4 2 3 2 5 6 5 6 3 4 1 2 6 3 1 1 2 2 1 4 3 3 1 6 3 5 2 6 5 2 4 6 2 6 2 1 3 4 2 2 4 4 6 2 3 5 5 6 4 3 3 2 1 2 1 1 3 2 3 5 1 3 5 6 3 3 5 3 4 2 2 5 4 6 5 1 2 1 2 4 2 6 4 2 2 2 5 2 4 3 5 6 2 1 6 3 1 3 2 2 6 1 2 2 5 6 2 1 1 6 2 4 5 6 2 3 2 4 5 1 6 1 6 3 6 4 3 5 4 4 1 4 6 4 1 4 5 4 6 2 3 3 2 2 4 2 1 1 1 5 1 2 1 2 1 2 1 2 6 4 6 3 1 1 1 6 6 2 1 3 4 5 5 1 4 4 1 2 1 4 3 2 5 4 4 3 1 2 2 4 4 5 2 3 5 6 2 4 2 3 6 1 5 5 4 1 2 2 3 6 2 5 6 2 2 2 5 2 6 6 2 6 6 4 5 1 5 2 4 4 1 3 3 2 5 3 5 5 3 2 2 2 3 2 6 5 3 2 4 2 2 5 5 6 2 3 2 2 3 1 4 5 5 3 3 5 2 3 1 3 1 4 1 3 6 6 2 5 3 5 2 4 5 5 2 4 2 3 5 4 4 3 2 4 1 4 5 4 2 5 4 5 2 2 2 5 6 6 2 2 6 4 5 4 4 2 5 2 6 2 2 1 2 4 2 1 2 5 1 2 6 4 2 2 4 6 5 2 3 5 3 2 5 2 2 6 2 3 2 4 2 3 5 6 5 4 1 3 4 6 5 1 6 5 5 2 1 3 1 1 2 2 4 3 6 1 2 4 2 2 2 3 4 1 2 2 2 4 4 5 2 5 4 1 6 4 2 3 3 4 5 2 5 6 2 2 2 5 3 6 6 6 5 3 2 4 5 5 6 2 3 1 1 2 4 5 5 4 2 5 2 4 5 3 4 3 6 5 3 1 1 4 3 1 1 5 3 2 5 6 4 2 1 2 3 4 1 3 4 4 1 6 3 4 2 2 2 1 5 1 3 3 5 1 2 5 3 2 2 4 3 2 1 1 6 2 3 1 3 6 3 2 6 5 5 3 5 3 1 1 2 4 3 2 3 5 1 1 4 3 2 3 2 1 5 2 2 2 2 6 2 2 6 5 1 4 4 2 5 2 3 3 6 6 2 1 3 1 2 2 2 5 3 2 5 6 2 1 4 3 4 2 4 6 2 3 3 2 1 6 5 3 4 6 4 2 2 2 5 6 5 2 2 6 5 5 3 3 5 6 2 3 5 3 2 4 6 3 1 2 2 2 2 4 4 5 4 6 4 2 2 6 3 4 1 5 2 3 3 3 1 3 2 5 6 2 2 5 4 6 4 4 1 4 2 4 2 6 2 4 2 5 1 2 2 3 1 1 2 2 3 5 5 3 2 1 1 2 2 4 6 2 3 2 2 3 4 5 4 5 6 5 4 4 5 2 1 3 3 5 6 2 1 5 1 5 4 1 4 2 5 4 1 5 1 3 2 2 2 3 2 5 1 3 2 4 6 2 2 3 2 6 2 3 5 1 2 3 3 1 2 2 4 2 4 5 6 4 2 2 4 1 1 4 5 2 5 1 2 2 4 6 4 5 2 5 4 3 5 1 4 2 5 1 4 5 6 6 2 4 2 5 5 4 2 4 1 6 1 5 2 1 4 5 2 2 5 5 2 4 4 1 1 2 2 5 2 2 3 2 2 6 1 2 3 2 6 1 5 4 5 2 1 2 3 5 5 2 2 5 2 2 3 4 2 4 5 2 6 2 6 3 6 2 4 2 2 2 4 6 5 1 6 2 4 3 6 3 1 1 5 4 3 3 2 2 5 2 5 3 3 4 6 5 1 2 5 3 1 3 5 2 5 1 2 4 6 2 3 4 3 2 4 2 3 1 4 2 2 2 5 3 2 5 5 6 6 6 2 2 3 6 2 3 2 2 4 6 4 3 6 2 1 1 5 4 2 3 4 2 6 5 6 3 5 4 3 5 6 1 2 5 6 4 2 5 4 2 4 6 5 3 2 1 6 2 1 2 3 5 5 4 3 2 2 1 2 5 6 2 2 1 3 2 2 6 5 4 4 6 6 5 2 5 4 3 5 6 2 1 3 6 6 1 2 2 6 6 4 2 2 2 3 4 4 2 4 1 2 5 4 5 2 3 1 6 3 5 4 1 5 2 4 3 4 5 2 3 2 1 5 6 5 2 3 3 6 1 3 2 4 5 4 4 4 2 2 3 1 4 6 3 5 2 3 4 3 2 2 3 6 3 6 6 6 5 2 2 6 5 2 2 2 3 3 2 3 4 1 5 6 1 1 1 6 4 4 2 5 2 2 3 4 2 2 4 5 4 1 6 4 4 4 1 6 2 5 4 1 5 6 4 1 2 6 4 6 1 6 2 5 6 6 4 4 6 5 2 5 4 1 5 2 2 3 1 1 1 3 4 3 3 6 5 5 3 3 2 1 2 2 6 3 4 5 2 5 1 2 1 4 3 2 4 3 4 6 5 3 6 1 2 4 5 6 2 2 3 5 2 5 6 6 2 6 4 2 2 3 4 4 3 1 5 6 1 2 4 4 2 2 4 5 1 3 3 1 2 6 4 1 3 2 3 2 5 4 6 2 3 4 3 2 3 6 5 5 2 4 2 4 5 5 3 2 1 2 5 2 1 4 5 3 2 1 6 4 2 4 3 1 3 3 2 4 5 2 2 2 4 1 6 2 5 4 4 2 6 5 6 1 3 3 1 5 5 5 4 2 3 3 3 3 6 2 1 4 5 6 5 2 2 2 3 5 3 1 1 2 1 2 5 3 2 2 3 5 3 6 5 2 6 5 3 6 5 3 2 5 3 4 3 6 1 2 3 2 1 5 2 4 2 2 3 6 1 6 2 6 2 2 2 2 2 3 4 5 2 1 6 5 2 4 3 2 6 2 1 4 6 3 2 1 2 6 2 4 4 6 4 2 6 2 5 1 3 6 5 2 5 2 3 3 2 4 2 2 2 5 5 2 4 1 4 2 1 6 2 2 5 5 2 4 6 2 6 2 6 2 4 2 2 2 2 4 6 2 3 5 5 2 1 1 4 4 4 3 4 2 5 6 5 2 2 3 2 5 5 3 1 1 2 6 1 2 3 2 2 6 2 2 3 3 2 2 2 5 6 2 2 5 5 1 6 2 4 1 1 6 6 4 4 1 2 1 5 5 2 3 5 1 5 2 2 5 2 2 5 4 5 4 1 1 2 4 5 5 5 2 2 1 1 2 2 3 3 4 6 2 2 2 2 3 2 5 5 2 3 1 1 6 2 4 3 4 5 4 2 6 2 3 2 5 2 1 1 3 6 5 4 2 2 5 4 4 2 4 6 6 4 2 6 6 3 3 2 1 2 3 5 2 1 4 5 1 2 5 2 6 4 1 4 2 6 5 3 4 3 2 2 4 2 2 4 6 2 4 3 2 2 1 4 4 5 2 1 2 4 4 5 4 1 1 1 5 5 3 1 5 5 2 1 1 4 1 1 3 3 6 1 2 5 3 1 2 2 2 5 3 2 3 2 3 4 3 2 1 2 2 2 1 1 2 2 3 4 5 3 4 6 6 2 1 5 6 3 3 3 3 2 3 2 2 6 2 6 3 3 5 2 5 4 1 3 2 3 2 3 2 3 2 3 3 4 1 2 2 3 3 5 4 6 1 2 2 3 4 3 5 5 4 2 1 2 3 1 4 2 1 1 5 5 5 4 4 2 3 4 3 4 4 2 5 6 5 3 2 5 1 2 6 1 5 4 5 5 6 2 1 2 5 2 6 2 3 5 2 6 3 1 2 3 5 1 4 4 2 2 2 4 2 2 1 5 2 3 2 2 2 2 1 6 1 1 6 2 2 1 1 2 1 2 5 2 6 3 2 5 3 5 2 4 1 2 3 4 1 2 3 2 3 2 3 5 2 1 2 2 3 3 1 1 4 5 4 2 2 5 2 5 3 2 5 1 5 4 3 2 2 1 5 6 5 5 4 3 1 2 6 1 6 4 1 5 5 4 4 4 3 2 5 6 6 5 5 2 5 6 6 2 2 1 2 3 5 1 6 1 1 1 5 4 2 4 6 1 3 2 1 2 3 4 2 1 4 3 3 2 2 5 1 3 2 1 4 4 6 3 4 2 4 3 2 5 4 6 1 2 2 5 1 6 2 6 2 2 1 2 3 2 4 2 2 4 3 2 5 2 3 1 1 4 4 1 1 6 6 1 3 1 2 2 2 3 2 1 2 3 4 1 1 6 3 6 2 2 4 3 1 5 2 4 2 1 5 2 4 4 3 2 2 3 4 1 5 3 4 1 3 3 6 2 2 2 6 2 5 1 2 2 4 5 2 2 6 1 3 4 2 5 4 1 2 2 2 1 4 1 3 2 3 5 6 6 2 6 6 5 3 6 5 5 5 2 2 5 5 6 3 5 2 4 4 2 6 2 5 2 2 4 4 2 1 6 3 2 4 4 3 2 3 1 5 3 2 2 3 2 2 2 2 2 2 5 2 4 5 3 3 6 6 4 5 4 1 5 5 4 4 2 2 2 5 3 3 3 4 4 3 5 5 3 4 3 1 2 6 4 3 1 5 4 5 2 2 2 2 4 4 1 2 4 4 2 6 4 4 3 4 6 3 2 2 4 2 4 5 2 4 2 2 5 1 2 5 2 3 2 6 1 6 5 2 6 6 6 2 5 3 2 3 2 2 2 4 4 1 6 5 1 1 6 1 1 1 5 5 3 2 6 1 5 4 2 5 5 6 2 6 2 6 5 5 3 2 1 4 1 4 3 5 3 3 2 4 3 5 5 2 6 1 6 2 4 3 4 3 4 6 6 4 2 5 4 1 5 6 1 5 4 2 5 4 5 5 2 4 2 2 6 2 1 2 1 5 3 5 2 6 3 4 1 1 4 3 2 3 1 4 4 2 5 2 3 4 2 4 5 2 1 2 5 5 5 4 2 4 4 3 2 1 5 3 2 1 4 6 2 5 1 1 3 3 3 2 3 2 4 6 6 2 3 2 3 2 3 3 3 6 1 3 5 5 3 1 2 4 2 3 1 4 3 3 4 5 2 5 6 2 1 2 1 4 4 2 4 1 4 1 1 1 5 2 5 2 6 5 2 3 4 4 3 5 4 2 3 2 3 6 2 3 4 4 6 5 4 4 4 3 2 1 5 3 2 6 1 5 2 5 2 3 1 2 2 2 5 3 6 3 1 2 4 3 4 2 3 2 2 2 4 2 6 2 5 6 4 6 2 4 4 1 6 5 4 3 1 1 2 2 2 5 3,1318 2874 1569 1614 1490 1125,1318 2874 1569 1614 1490 1125,166.2825584999955,0.001033246997471,0.0046274487302255,0.0053436772547657,-0.1344244988407102
dbpedia14,9994,14,5 13 11 7 10 9 1 13 10 11 10 9 10 13 2 11 11 8 10 8 10 9 4 9 7 13 14 4 8 12 14 10 7 14 8 10 13 10 14 12 13 6 9 8 14 11 7 13 7 12 5 13 12 5 8 12 14 13 10 7 10 10 14 6 8 7 14 11 11 9 14 10 11 9 10 2 12 11 10 8 12 7 13 4 9 3 8 9 11 13 10 12 12 11 8 12 6 10 13 11 10 9 13 11 14 12 4 11 12 6 7 7 5 6 7 6 12 8 12 13 10 13 8 14 12 5 6 7 11 13 11 5 14 12 6 13 10 9 11 6 8 5 11 7 9 9 9 11 11 11 8 13 7 7 11 8 8 9 9 13 12 8 12 9 13 9 10 5 6 14 4 8 14 11 11 6 13 6 13 8 12 3 9 12 5 13 8 7 14 13 9 10 9 13 13 10 14 10 8 8 4 12 14 11 8 11 9 10 7 13 11 3 11 14 14 8 9 6 9 7 9 13 9 12 8 6 8 2 14 9 12 7 6 14 10 14 13 12 13 4 10 9 4 9 9 11 14 7 8 8 9 14 5 13 6 7 9 10 9 8 6 10 12 9 2 11 11 14 13 12 9 11 12 14 12 11 10 9 10 7 10 13 10 5 11 12 11 14 10 10 13 7 8 11 11 8 7 12 11 6 7 13 11 7 11 10 4 13 14 9 9 11 14 10 12 12 14 14 7 13 14 11 9 14 8 7 9 11 12 11 9 4 12 12 5 13 11 9 10 8 11 12 9 14 6 13 5 7 12 8 10 12 5 10 14 5 11 11 14 12 7 11 12 9 10 14 14 9 7 5 11 8 8 5 7 6 11 11 9 8 5 6 13 6 13 13 11 6 13 10 3 7 13 10 8 9 10 13 11 12 8 11 7 13 13 9 8 9 10 14 11 10 13 12 10 10 13 13 10 5 10 14 7 9 10 8 8 12 10 10 2 10 6 7 12 7 12 11 9 6 14 10 12 11 11 12 11 6 6 9 14 8 10 8 14 12 7 10 13 13 11 8 9 13 8 13 8 4 8 10 13 13 6 6 8 11 6 13 13 14 13 11 6 7 7 9 4 9 11 14 13 9 11 7 10 11 13 12 14 9 10 4 8 10 10 9 11 4 11 14 13 9 11 14 10 10 14 8 13 14 14 10 8 10 13 7 11 5 10 8 9 7 5 6 13 13 14 12 9 6 9 11 14 10 8 13 12 11 8 11 11 14 6 11 10 12 11 11 10 13 12 10 12 8 13 7 5 12 10 9 6 12 11 9 11 13 10 13 9 10 6 5 7 13 4 14 10 12 9 11 7 6 9 12 14 8 11 10 5 14 6 9 14 12 4 14 10 8 11 11 14 11 4 7 13 2 4 8 11 14 12 12 7 14 14 13 10 11 5 12 9 7 12 9 12 6 12 10 12 11 7 9 14 10 10 10 13 11 4 13 9 12 14 8 10 10 8 5 7 14 12 4 12 6 9 10 9 9 10 12 5 14 9 13 9 13 10 13 10 4 5 6 9 12 11 12 13 12 13 12 8 11 6 7 12 10 8 10 9 7 12 7 9 12 4 12 10 9 7 9 6 7 8 6 7 12 6 8 5 4 10 13 14 5 5 12 14 14 3 13 10 6 2 4 14 7 14 13 7 8 6 8 13 6 5 3 3 6 12 12 13 10 11 3 12 11 11 4 3 10 5 6 13 8 5 1 14 14 7 13 11 13 3 6 14 9 10 11 4 14 6 4 7 12 13 11 12 9 4 5 5 5 9 5 14 5 14 9 13 14 7 4 14 2 2 8 10 13 12 5 4 5 10 6 11 8 13 7 12 3 3 9 3 7 5 12 14 4 5 5 7 12 6 9 7 4 7 14 13 11 7 7 14 10 14 10 6 4 12 14 4 4 12 11 14 13 12 3 3 2 8 6 14 11 9 7 4 6 3 9 8 4 5 4 8 7 6 9 7 4 2 14 3 2 10 14 14 14 11 6 14 6 2 4 5 14 9 4 7 4 5 6 9 9 6 6 10 8 14 4 8 11 13 13 14 3 9 3 9 8 14 6 7 12 11 3 9 8 2 10 10 7 10 4 9 3 7 14 12 2 4 3 5 5 4 2 10 14 14 11 9 14 7 14 6 8 5 1 9 11 14 11 13 4 6 6 7 13 4 14 14 2 5 5 12 2 9 14 2 4 14 2 11 5 2 4 10 12 11 7 14 11 7 12 10 4 6 8 6 4 12 9 14 14 9 8 4 7 4 9 14 4 5 3 13 12 8 5 9 4 14 10 5 14 14 14 9 12 14 14 12 14 11 14 9 13 14 2 12 6 13 5 11 5 5 8 11 5 14 7 6 9 6 6 8 7 14 6 13 13 8 4 8 14 7 13 8 11 5 5 12 13 6 6 14 9 14 10 11 11 11 14 7 9 8 14 7 5 11 5 8 7 11 10 5 3 14 12 8 14 7 11 11 3 8 12 8 14 3 5 1 12 4 9 7 2 4 14 5 5 10 3 8 8 11 5 7 6 9 3 6 13 6 6 14 7 13 7 4 6 6 6 4 4 10 14 14 3 6 3 12 12 10 3 6 11 8 14 11 6 11 13 3 4 14 7 8 9 12 14 13 5 9 6 12 9 4 12 7 4 12 7 3 6 6 14 14 6 13 7 11 1 10 8 13 10 11 14 4 5 12 6 10 11 12 9 7 1 5 8 6 2 14 11 10 7 8 14 11 12 14 10 6 11 14 14 9 4 10 5 1 8 6 7 3 8 12 14 14 13 8 5 6 10 2 11 9 12 14 14 2 9 12 14 12 2 11 6 7 14 10 4 7 10 11 12 12 8 10 9 11 5 4 7 10 2 7 1 14 9 14 12 6 13 8 10 8 14 6 9 2 7 8 3 14 6 6 8 2 7 10 9 9 9 12 11 12 13 7 7 9 13 14 4 3 13 6 8 8 14 8 9 4 2 6 14 11 7 10 14 4 9 14 6 11 12 9 10 7 11 4 4 3 5 7 12 3 11 11 11 5 8 14 12 6 14 14 13 6 5 8 2 12 8 8 12 14 7 4 3 6 13 2 6 14 4 4 13 13 7 4 7 12 6 6 3 7 7 13 9 2 7 8 5 10 5 12 7 1 1 14 3 2 7 6 10 2 6 14 10 7 2 11 10 14 7 6 4 14 12 3 11 12 11 3 5 8 7 11 9 6 9 10 10 9 14 12 6 14 13 10 8 9 13 9 6 6 5 9 14 14 7 12 7 2 5 14 3 13 5 4 11 9 6 13 13 14 8 10 4 13 14 8 8 10 3 6 13 12 8 9 9 11 6 12 9 4 8 11 8 4 4 11 14 6 3 10 12 10 12 10 9 11 10 11 10 11 6 13 14 8 5 10 9 13 5 10 12 11 14 10 11 9 7 9 8 5 7 11 14 10 4 8 7 9 8 10 14 11 9 12 8 8 7 4 7 10 2 12 12 8 8 14 3 7 9 7 12 6 7 9 8 13 2 14 9 14 7 6 14 5 9 12 6 4 8 7 3 11 10 9 14 7 11 9 11 13 12 9 11 1 13 3 13 8 7 11 5 13 8 14 10 11 12 6 1 14 11 3 9 11 9 5 10 8 4 11 12 6 12 11 9 10 10 12 8 8 7 13 9 8 5 6 9 14 12 2 6 11 8 7 11 12 3 11 11 4 9 4 7 3 10 12 12 9 8 9 13 7 11 8 4 12 14 11 7 11 9 7 14 5 12 6 14 11 6 4 7 9 10 9 13 7 9 8 5 8 11 7 14 9 8 1 11 7 10 6 5 5 4 11 12 8 12 14 8 6 3 7 12 13 8 9 6 12 8 10 9 6 8 5 3 11 4 14 8 11 12 6 8 13 9 2 7 8 12 4 5 3 11 9 9 8 9 6 11 10 6 10 6 10 14 11 5 9 7 12 8 12 5 13 12 13 7 9 4 13 4 5 4 6 10 7 4 14 7 8 8 6 8 9 3 14 6 11 6 6 6 2 10 14 7 7 11 8 8 4 13 5 7 2 5 12 1 9 10 14 3 6 11 8 7 11 10 6 11 10 7 3 13 5 7 10 9 14 8 10 7 11 9 14 5 14 8 12 9 8 14 7 5 9 13 7 10 11 13 12 13 3 6 9 8 9 7 9 14 9 6 11 8 7 6 10 11 10 7 7 6 8 12 9 1 13 8 9 6 7 8 6 11 10 3 12 8 14 12 12 9 11 7 3 11 6 6 7 11 8 9 13 3 7 14 9 10 4 4 9 6 1 12 6 3 5 7 2 9 9 7 12 11 12 7 11 8 13 11 9 5 3 8 14 13 8 8 5 7 13 9 13 9 11 10 11 13 8 11 6 14 13 4 14 8 4 14 14 13 10 6 10 14 14 8 14 9 7 3 14 12 2 2 6 13 11 8 4 7 11 3 8 7 7 9 13 10 8 8 11 8 6 4 12 13 11 8 13 11 9 7 2 14 6 3 4 10 12 14 13 3 10 4 5 9 10 7 12 2 13 10 10 6 12 12 14 9 6 13 5 10 8 10 14 6 13 8 12 5 2 6 6 9 10 10 14 12 3 12 8 13 8 12 8 11 14 12 14 8 3 6 10 11 9 4 7 7 12 8 5 12 7 13 7 8 6 8 10 9 5 12 9 7 4 3 13 14 9 10 11 12 11 3 7 11 13 11 8 11 14 14 14 12 11 12 12 5 11 11 11 10 10 8 9 9 14 14 8 14 4 5 7 5 14 11 11 8 10 10 10 3 12 5 12 8 6 8 14 13 8 5 9 7 4 12 6 11 7 3 12 1 8 7 8 14 13 9 10 14 11 8 11 13 12 8 3 8 10 10 10 8 10 7 14 9 9 13 3 10 12 12 6 13 14 8 13 7 10 14 14 4 10 8 2 14 13 10 7 5 3 13 7 9 11 14 10 13 10 6 5 7 6 9 11 11 12 7 13 8 8 9 6 8 9 9 10 11 9 13 3 4 5 8 10 12 12 5 14 13 10 12 9 10 11 11 8 11 10 10 9 2 12 7 8 8 7 13 7 11 13 12 13 6 12 1 10 10 1 7 12 13 14 11 13 5 13 9 6 11 13 12 4 9 12 10 3 10 9 13 10 14 1 9 7 13 4 7 6 4 9 12 7 12 12 7 8 14 13 6 7 9 8 13 12 10 9 14 5 9 11 11 6 10 14 8 7 13 10 3 11 11 7 13 11 11 9 12 7 4 12 13 10 7 10 2 8 6 12 7 11 8 5 7 7 5 12 6 12 9 10 6 8 10 12 10 14 11 8 3 11 13 5 8 11 9 12 6 9 12 8 9 4 12 14 14 8 14 13 2 7 6 4 10 12 3 10 10 13 10 14 7 12 11 13 4 8 9 13 11 6 11 11 14 12 7 8 14 6 8 14 3 8 14 10 7 2 6 10 13 14 8 8 10 9 3 6 6 12 13 10 14 5 6 14 6 3 13 10 7 7 7 5 10 3 8 9 9 12 14 9 14 1 9 9 11 9 8 7 8 9 11 7 13 12 7 8 14 13 10 11 14 13 7 8 13 6 9 2 12 9 6 5 10 8 10 8 8 7 7 14 1 2 8 13 14 9 8 13 12 10 11 2 6 7 14 11 3 14 11 10 9 12 11 7 11 11 13 14 10 8 12 5 3 10 8 3 8 9 13 5 10 6 13 13 13 5 10 11 3 5 12 9 12 7 7 7 5 6 8 13 12 8 6 8 10 10 4 6 11 8 2 10 12 13 9 9 12 13 11 9 14 9 9 6 4 12 12 12 2 7 3 13 11 12 6 7 13 9 13 14 12 9 4 11 1 11 12 5 8 10 9 11 12 9 9 6 10 9 2 6 13 13 9 2 7 1 7 10 14 10 12 1 14 12 2 6 7 6 7 9 7 11 7 14 9 9 6 5 9 13 11 5 11 14 10 2 8 12 12 3 14 14 10 8 4 11 10 11 13 14 13 6 12 8 3 14 7 5 8 13 13 4 7 14 12 9 14 14 6 6 8 9 6 10 8 11 5 13 12 11 9 7 11 13 7 6 9 14 8 7 5 7 12 4 10 12 9 10 10 13 13 3 12 12 11 5 7 11 3 8 10 12 9 6 5 5 5 9 11 13 8 13 13 10 3 9 6 5 10 13 13 7 11 14 10 10 4 3 12 14 12 12 12 9 8 9 12 8 11 14 14 6 11 11 12 7 12 6 11 13 10 9 14 11 13 6 10 12 12 10 12 13 7 6 9 13 10 8 14 2 13 10 12 14 6 8 9 3 4 12 11 9 7 10 4 11 10 14 7 13 8 5 7 4 6 12 14 5 9 13 13 12 6 7 14 4 11 11 14 7 11 11 11 7 5 12 2 13 5 12 3 10 8 11 14 14 10 10 2 2 9 2 1 9 2 14 4 14 6 4 3 9 12 3 10 6 9 12 5 5 2 10 13 7 6 1 14 11 1 13 5 9 5 11 7 2 9 13 12 9 9 4 8 12 10 11 10 3 5 6 12 14 9 7 3 7 11 4 9 7 10 12 12 1 11 7 6 7 11 1 13 2 12 11 9 1 9 11 1 10 11 3 11 10 9 12 14 14 14 12 8 7 7 14 5 13 6 3 3 14 13 2 14 10 3 13 6 1 9 1 5 13 4 2 1 9 5 6 6 13 4 2 4 14 13 4 3 8 2 12 2 3 1 2 1 13 2 9 5 3 8 4 9 2 4 3 5 11 2 12 12 3 7 7 13 10 13 12 4 9 2 11 7 12 3 11 11 11 5 4 10 4 2 4 6 4 5 9 2 14 3 12 3 14 12 8 3 12 6 10 10 5 14 11 3 8 13 8 1 11 2 1 8 2 4 13 9 12 13 2 7 13 9 10 10 8 5 14 6 11 10 10 14 6 9 9 10 6 9 9 5 3 3 2 14 8 1 3 9 10 8 2 10 14 12 1 8 3 5 11 8 11 2 12 9 12 10 11 7 10 7 14 4 10 9 7 7 1 9 5 9 9 13 1 14 5 1 11 10 11 10 12 1 12 3 3 12 7 6 7 12 1 3 8 2 2 2 13 2 10 7 9 9 11 12 14 12 12 12 6 11 13 4 9 11 7 1 4 9 7 4 2 2 9 1 1 13 3 14 7 10 6 1 7 14 13 9 13 11 7 14 12 11 8 8 11 1 9 10 14 3 3 14 3 6 10 11 9 13 9 14 3 12 8 3 4 12 9 6 6 13 4 2 2 1 3 13 9 14 10 10 13 13 5 10 8 10 12 13 9 11 14 3 10 12 7 5 13 2 4 6 14 5 8 8 13 1 6 7 1 5 13 3 11 14 11 12 6 8 8 10 9 9 2 5 3 1 9 7 14 12 8 1 1 2 2 3 4 11 3 11 3 6 10 4 6 2 7 2 10 4 13 11 10 7 11 1 9 6 9 11 11 5 12 8 9 9 11 3 1 11 2 8 2 12 10 12 13 8 3 7 10 9 3 4 7 13 7 14 12 6 11 1 10 14 4 8 1 10 9 14 9 2 13 2 12 10 9 7 1 14 1 3 14 7 12 13 2 3 12 6 2 5 4 9 13 7 5 2 9 11 4 14 2 8 6 12 8 3 8 12 12 10 1 9 8 4 3 12 2 10 2 10 9 6 14 8 7 11 7 10 12 6 2 13 7 5 3 2 1 3 13 10 10 9 12 13 10 2 11 14 4 2 8 7 2 11 12 2 4 2 9 6 13 14 12 6 11 2 8 9 11 8 13 8 10 1 9 8 13 10 11 2 1 10 1 14 13 11 11 12 3 13 5 13 5 11 11 4 1 7 6 14 5 6 4 9 4 2 4 8 1 12 5 10 7 2 10 5 10 4 7 5 9 4 11 10 9 3 2 12 4 3 13 13 3 7 3 10 1 9 7 13 3 6 11 2 14 2 8 8 2 10 8 6 1 11 10 13 12 1 12 2 14 6 11 4 12 4 8 8 13 7 10 1 8 9 7 14 11 5 11 12 10 7 4 14 6 10 2 12 9 6 6 11 7 12 3 4 13 13 10 3 11 10 12 10 9 2 13 11 4 7 7 6 11 13 3 14 10 6 8 4 14 4 12 3 4 3 8 10 3 4 8 12 8 11 4 4 8 10 3 6 14 9 3 4 3 4 8 7 11 5 3 5 7 8 14 10 6 8 5 9 11 7 12 13 9 7 10 8 3 4 10 2 14 9 7 5 10 14 12 8 13 10 12 5 12 7 3 10 4 12 14 13 12 7 3 4 3 12 9 6 14 11 10 12 10 13 3 8 14 6 11 6 14 6 7 4 1 1 3 4 7 8 7 4 11 7 8 3 3 11 12 9 5 8 10 3 10 6 14 10 5 7 12 4 6 12 7 4 13 8 12 12 6 8 2 2 3 6 4 5 3 3 12 8 13 3 10 10 11 7 8 2 13 2 11 2 11 3 8 8 14 5 2 2 9 8 4 7 4 5 6 4 7 8 3 10 2 7 6 13 11 6 14 14 8 10 1 9 3 3 4 5 8 2 11 10 10 9 2 12 5 10 7 10 1 4 8 6 11 8 3 6 4 10 10 3 14 8 4 2 9 14 9 7 8 4 11 7 13 1 8 6 2 5 8 2 6 14 13 10 14 2 5 3 2 2 2 12 6 13 14 1 4 5 8 5 5 3 5 11 7 9 3 5 7 2 3 11 14 7 6 3 3 13 13 3 13 10 4 5 2 7 3 11 9 12 5 7 6 11 7 11 5 13 8 3 3 14 4 10 11 2 7 11 8 14 12 2 9 5 4 8 10 2 7 9 12 7 2 7 10 9 9 7 4 8 12 3 10 3 5 5 9 9 11 8 8 4 8 6 6 13 7 1 4 9 3 13 10 5 3 8 3 6 9 10 12 11 9 13 3 6 3 13 5 6 7 6 8 6 10 3 12 5 6 5 3 9 9 3 10 2 9 8 7 7 5 12 13 7 3 7 9 3 7 7 10 9 14 7 5 8 9 4 6 3 2 8 5 3 7 13 13 3 7 10 10 14 7 4 9 13 2 13 8 4 7 9 6 8 1 8 13 12 12 12 5 7 14 2 4 7 3 5 9 2 14 11 6 6 8 9 8 12 6 4 4 10 14 6 10 10 4 5 8 8 13 8 6 11 9 8 7 6 13 7 4 6 7 4 5 7 13 2 3 13 3 7 7 11 2 12 9 13 5 5 10 3 4 6 9 12 9 13 12 5 12 5 9 1 10 2 8 5 2 1 9 2 4 7 3 7 14 13 2 11 8 3 8 1 10 7 5 2 14 14 5 6 3 9 6 12 7 2 7 9 2 8 5 9 12 4 12 14 11 9 9 4 7 14 10 1 13 3 6 4 10 11 7 11 13 12 9 6 8 10 12 5 12 6 14 12 13 8 4 11 12 13 3 3 11 6 11 6 4 2 7 10 2 11 3 9 7 9 3 3 13 9 10 13 5 11 4 8 2 11 1 4 9 3 7 7 6 6 10 6 9 2 3 7 13 2 13 8 6 13 5 6 13 5 11 10 7 3 5 9 14 7 3 6 5 9 14 14 6 12 10 12 10 8 10 9 13 10 6 3 3 7 11 7 12 4 1 6 4 14 8 6 11 4 1 14 2 4 11 1 2 7 5 2 1 6 2 9 1 2 4 7 5 9 12 11 5 13 9 4 2 2 5 11 12 5 3 12 5 6 2 3 2 12 1 8 9 1 3 13 7 4 6 13 13 3 6 14 4 5 12 5 4 8 11 5 5 14 13 1 4 5 9 12 6 2 6 4 2 2 9 12 13 12 9 8 9 2 1 11 11 13 3 13 6 1 8 13 12 12 6 12 13 6 4 5 2 14 3 13 11 6 4 6 11 4 14 5 10 3 13 13 2 3 8 4 14 7 13 14 9 10 14 1 8 12 2 8 14 12 1 9 8 10 8 8 6 5 9 5 5 9 5 5 5 2 3 1 1 4 6 5 4 14 6 12 1 11 5 7 6 2 2 1 2 1 6 3 2 5 13 2 9 13 14 11 2 1 1 13 8 4 11 1 8 4 1 4 4 11 13 2 7 1 13 14 8 13 14 2 1 6 2 8 12 8 4 8 5 1 14 1 5 11 10 1 2 3 2 12 1 2 2 9 8 13 4 4 2 4 12 3 11 2 7 14 4 12 11 1 7 13 13 14 10 11 3 5 9 12 3 3 2 5 4 7 13 2 8 13 14 14 11 7 12 13 2 7 4 3 1 13 4 2 3 11 5 14 5 5 9 11 3 2 1 13 9 4 3 1 12 13 14 6 8 8 3 2 8 4 1 6 4 8 14 5 13 4 14 12 10 14 3 14 10 2 13 2 6 5 5 2 11 3 3 6 6 5 3 2 2 3 14 1 13 14 10 11 4 1 5 11 7 9 7 13 3 6 8 1 3 14 2 13 9 4 6 13 2 4 6 2 10 1 11 13 2 5 1 9 12 8 10 3 2 14 9 13 5 7 8 14 11 2 13 2 2 11 6 2 10 4 12 14 10 10 5 6 5 9 3 1 11 8 7 2 11 13 2 4 3 1 7 2 1 1 2 5 2 9 3 2 13 8 11 7 3 1 14 3 10 9 7 13 6 2 7 11 9 4 2 14 8 2 13 7 1 4 11 4 2 12 13 1 5 5 9 7 14 13 14 10 8 2 11 4 10 1 3 4 8 9 1 6 7 2 11 13 5 13 13 3 5 11 9 1 10 13 13 14 1 5 12 13 7 8 9 9 10 10 3 2 11 8 1 9 13 11 11 2 3 14 14 2 4 6 13 14 8 11 2 3 4 2 11 13 13 3 6 3 10 1 14 13 12 10 14 14 10 1 1 5 7 12 4 2 5 11 14 7 13 2 2 10 11 4 12 13 5 5 1 7 3 8 6 7 2 4 5 4 2 3 8 12 9 9 11 3 3 10 6 5 1 6 6 7 13 1 5 8 3 6 4 4 1 7 14 1 4 6 3 2 5 11 9 1 11 14 8 4 1 8 2 2 3 10 6 3 6 4 1 10 13 3 12 5 11 7 3 2 2 3 8 12 2 12 14 5 1 5 3 13 11 6 3 4 6 5 11 1 5 7 1 1 11 8 1 4 10 2 9 6 9 5 4 2 1 1 4 11 6 4 8 1 2 1 6 1 8 11 13 7 14 5 5 11 1 2 6 2 6 8 3 6 1 1 3 5 1 13 7 1 2 11 12 12 2 5 12 9 14 9 9 11 8 11 8 12 7 12 8 12 11 10 13 9 2 11 13 11 2 11 4 10 11 12 8 9 6 12 12 10 13 5 2 1 10 9 6 12 12 1 9 6 11 9 9 5 9 8 13 10 8 4 8 11 13 10 11 9 5 1 7 3 2 14 6 12 6 8 11 1 10 11 11 8 9 12 13 13 12 7 13 11 1 13 9 9 12 12 9 4 12 11 12 8 13 10 9 7 5 1 6 12 10 5 9 6 12 7 4 1 6 12 12 10 11 1 10 8 12 9 12 12 13 8 11 14 8 9 13 7 7 11 13 6 11 12 12 13 11 6 12 13 7 12 10 13 6 7 10 10 2 11 9 11 13 10 12 8 11 9 12 12 7 11 2 11 13 12 6 9 13 11 10 10 8 11 8 14 1 1 1 11 11 8 9 12 9 5 9 14 11 9 14 11 10 10 1 8 11 12 8 1 8 7 7 7 13 9 13 1 11 11 9 12 3 14 14 8 11 13 13 6 4 10 13 6 10 5 6 14 7 12 8 10 11 11 14 13 11 11 10 11 11 10 9 10 10 10 12 13 13 5 12 12 11 8 11 7 4 5 10 12 12 10 14 1 10 9 9 11 13 9 12 6 12 13 2 1 5 12 2 1 10 10 7 7 11 7 12 9 12 7 11 7 9 11 11 10 8 11 14 9 14 11 12 13 1 11 12 13 2 7 13 1 9 7 10 7 9 12 10 2 6 1 14 5 10 10 9 12 12 7 11 1 9 12 4 13 10 1 8 6 12 4 5 12 7 10 4 11 8 14 12 12 13 2 11 5 10 10 1 7 10 12 8 5 7 12 1 6 11 10 4 1 12 3 7 11 6 10 12 12 9 10 9 4 10 14 12 8 4 6 5 11 8 9 8 1 12 10 1 11 8 13 3 9 13 13 11 2 14 8 8 11 6 2 12 12 8 10 10 12 5 3 6 8 9 12 13 1 8 10 5 13 2 6 8 7 13 9 12 10 13 11 1 1 7 1 10 3 7 11 13 13 10 12 6 1 11 1 9 12 12 10 8 12 11 11 7 11 9 12 12 11 12 10 11 10 14 14 6 11 7 10 12 12 12 12 11 10 14 8 4 11 8 13 9 1 13 6 2 5 1 10 4 14 10 11 11 13 11 12 5 13 1 12 5 10 9 11 10 1 12 11 5 11 6 14 7 8 8 8 12 12 8 13 3 13 5 11 5 12 10 1 13 5 9 10 1 9 13 9 10 14 14 10 1 2 9 11 3 10 10 12 9 4 6 12 10 10 13 4 3 11 9 11 7 8 9 13 7 1 1 11 13 1 11 8 3 11 6 9 6 8 7 8 10 8 1 14 9 2 9 13 10 11 7 1 14 9 7 11 10 5 11 10 13 10 9 5 10 13 3 14 14 10 4 5 9 5 10 6 2 14 11 5 8 11 7 7 11 13 10 10 10 13 6 12 10 7 12 13 7 7 13 9 8 1 2 11 12 3 7 13 7 14 10 14 12 3 8 11 10 13 10 13 7 14 11 14 10 12 7 9 5 12 5 9 9 12 1 8 9 6 7 9 13 9 11 3 13 12 1 5 1 13 1 2 1 9 13 8 1 10 6 2 2 13 10 4 1 12 1 1 2 1 13 3 11 1 1 13 5 3 4 7 1 12 1 1 13 1 1 11 12 11 2 2 1 1 14 2 1 2 4 9 8 8 9 2 1 1 1 3 1 8 2 1 14 12 14 11 14 1 1 1 7 7 10 4 3 1 2 1 8 1 1 1 6 13 2 5 11 2 14 14 7 1 1 8 1 5 1 13 13 11 2 1 2 2 1 14 2 10 1 1 5 1 6 7 13 1 1 1 1 6 5 12 2 5 5 14 1 11 9 6 13 7 3 1 8 1 6 14 1 9 1 13 6 14 14 2 14 9 1 7 4 14 2 5 1 6 2 8 1 3 13 1 13 13 2 3 1 1 13 1 1 1 2 2 12 1 1 7 2 4 1 1 1 1 1 7 2 12 14 9 3 12 2 12 5 11 1 1 1 8 12 1 3 14 9 2 1 12 3 2 9 1 1 12 11 8 6 1 13 3 2 1 1 3 3 9 13 1 2 9 1 1 1 2 1 1 13 1 2 10 12 1 11 1 6 1 14 13 14 1 14 2 3 2 1 9 13 1 1 1 1 1 1 14 7 3 6 3 1 12 13 6 9 1 2 9 1 3 1 7 14 3 1 1 1 12 13 9 1 1 1 14 2 1 4 13 3 10 11 1 1 6 2 1 2 2 2 1 1 1 2 1 1 3 1 1 1 1 1 1 13 8 1 1 1 1 10 10 2 1 9 1 2 11 1 1 1 1 1 5 1 1 14 1 1 1 12 13 1 1 1 1 14 1 14 13 10 2 2 5 4 1 13 5 3 1 12 5 8 8 5 1 4 1 14 12 10 2 1 1 2 1 10 3 13 1 1 12 14 1 1 7 9 11 10 1 1 1 1 3 1 12 1 10 2 1 14 14 1 12 11 6 5 1 3 5 2 11 2 1 3 2 12 3 10 10 10 6 2 1 2 7 1 1 2 10 12 2 11 7 1 14 1 1 1 1 1 1 4 1 2 1 1 3 8 5 1 13 2 4 1 1 1 1 4 1 4 13 13 2 2 1 2 1 12 1 3 2 13 3 12 4 14 14 2 1 2 1 11 5 1 8 4 7 1 4 5 1 1 1 3 14 11 1 1 3 13 1 1 9 9 13 2 1 1 1 1 7 12 14 1 1 1 12 2 1 14 2 13 1 1 1 1 8 12 1 1 1 11 1 2 2 1 12 2 5 6 11 10 1 10 2 1 1 3 1 12 13 9 2 1 1 12 3 1 13 11 1 1 12 5 1 1 1 4 13 13 1 11 9 1 12 1 1 2 4 2 10 11 2 1 1 13 14 2 1 2 14 1 13 4 14 2 5 1 1 1 2 1 3 1 13 8 8 13 1 14 14 2 11 2 1 2 1 1 1 2 1 2 14 1 11 14 13 4 14 14 1 7 1 2 13 11 1 1 1 1 14 6 14 12 12 9 3 9 1 1 1 5 10 4 2 2 1 3 8 1 1 12 2 13 1 1 1 1 1 1 4 14 8 2 1 2 13 1 10 11 13 4 1 7 1 1 3 2 2 1 13 1 3 1 12 2 1 1 13 1 4 8 1 7 4 6 12 2 6 6 7 7 2 5 4 9 12 5 3 10 5 14 7 2 9 11 4 6 13 4 12 7 10 8 4 8 6 12 4 4 14 7 12 3 1 3 8 7 7 7 11 9 4 3 6 4 3 10 11 10 5 5 5 2 4 13 7 7 11 8 10 3 13 5 3 5 14 8 5 3 4 14 5 9 9 8 14 13 14 9 5 3 4 3 5 13 10 4 5 8 2 7 13 3 7 14 1 14 7 12 13 4 11 10 5 5 5 5 6 6 2 4 14 13 5 2 11 1 6 14 1 1 8 13 7 14 7 9 14 4 6 1 6 4 4 7 11 6 14 13 2 4 7 5 9 14 8 1 3 6 11 4 3 3 4 14 4 5 14 2 8 8 2 14 13 4 13 11 6 8 1 7 14 4 5 4 3 5 3 6 7 4 8 13 8 3 6 6 14 4 7 7 3 10 7 1 7 4 8 10 3 7 4 10 5 5 10 8 3 12 5 12 5 4 8 8 7 10 10 7 14 10 5 9 14 4 7 6 13 12 8 4 3 10 2 5 8 4 8 6 12 6 9 2 4 8 7 5 8 3 3 9 4 2 9 5 6 12 3 5 3 6 2 10 13 13 9 12 6 9 3 2 8 7 7 10 9 7 1 8 7 11 8 2 6 3 13 4 4 3 7 14 6 11 4 4 11 7 2 3 3 2 5 7 8 9 3 2 12 6 3 14 3 14 12 8 7 6 13 11 1 5 4 2 8 10 2 3 11 14 11 9 4 2 8 10 5 3 7 8 10 4 5 2 4 6 3 4 6 7 3 12 10 5 7 4 8 14 9 3 8 3 3 4 7 9 8 6 8 9 3 11 10 14 14 6 14 11 3 5 4 7 11 4 7 6 4 11 13 8 8 5 13 6 9 4 9 5 10 8 4 6 9 8 12 8 14 9 8 14 9 5 4 12 6 11 14 2 3 4 8 6 14 11 5 3 10 7 14 8 5 7 9 14 8 7 9 14 4 7 2 10 3 1 7 7 10 3 8 1 13 14 12 5 4 3 3 11 8 4 6 5 5 1 7 5 5 4 13 7 10 8 6 3 6 7 5 3 7 4 6 14 7 4 6 10 4 5 5 10 5 11 4 6 10 3 7 3 8 4 4 5 9 5 12 14 11 8 13 9 5 2 6 4 7 14 14 4 7 11 12 11 4 5 5 9 7 3 8 6 4 4 4 4 13 2 7 10 4 1 8 6 9 5 4 7 10 5 2 8 13 6 3 4 3 3 7 6 12 1 10 6 4 3 9 11 5 8 2 14 6 9 8 14 12 11 3 13 1 12 5 13 9 6 8 10 7 1 3 3 11 3 7 5 4 5 13 6 11 11 8 10 14 6 7 14 10 1 4 5 3 10 1 2 12 2 7 12 3 5 4 5 12 8 12 3 9 12 4 14 8 12 6 7 10 3 4 8 13 2 5 6 8 4 9 4 10 5 6 2 5 4 13 13 4 9 14 13 3 3 9 4 11 10 9 7 2 5 5 1 3 4 7 9 8 13 2 8 5 6 1 7 5 5 13 7 13 4 8 4 5 10 1 3 7 4 6 12 5 5 10 13 13 6 5 4 9 4 5 6 5 8 10 7 5 9 6 7 8 9 8 5 4 8 12 6 5 3 6 13 2 3 9 3 9 12 3 8 2 6 2 9 12 3 10 7 5 14 2 2 9 2 4 5 5 9 6 9 7 6 10 4 3 8 3 3 4 10 4 13 3 5 13 4 4 6 6 7 5 3 4 3 8 6 12 4 2 9 6 5 14 4 6 2 11 3 5 10 7 13 7 7 6 7 13 7 7 2 4 4 3 8 6 12 8 6 7 6 9 14 4 3 2 9 6 3 3 6 6 5 12 8 3 9 7 6 6 5 8 9 5 6 6 6 6 3 2 4 8 7 3 12 10 4 6 3 10 7 6 8 4 5 13 5 7 4 4 2 5 7 12 13 8 7 3 12 10 11 7 3 2 3 4 4 8 6 9 3 9 8 5 11 4 8 7 7 11 4 6 3 5 13 6 6 5 7 8 8 8 4 8 5 5 13 4 6 11 2 5 4 11 10 5 9 3 1 7 12 9 8 2 8 5 4 3 8 4 9 6 4 8 9 5 2 7 6 8 10 7 7 3 8 8 4 5 3 6 4 8 9 5 7 11 4 9 10 5 5 3 13 9 10 4 4 9 4 3 12 10 9 5 10 3 12 4 7 6 11 3 4 6 4 7 4 3 6 8 9 6 5 9 4 4 5 2 11 2 6 4 7 5 5 6 4 11 13 4 4 4 4 6 3 5 6 10 5 5 6 11 4 4 6 2 7 3 4 3 3 2 4 7 8 3 4 4 5 5 7 7 3 9 10 8 7 6 4 2 3 5 5 4 3 4 7 4 8 7 3 3 10 3 6 4 5 10 5 3 6 10 5 4 6 3 10 5 3 4 9 13 5 5 3 6 5 3 3 4 12 6 9 6 7 11 8 6 6 5 5 9 12 4 6 11 12 2 5 9 10 4 4 5 8 10 4 3 10 3 6 10 10 8 4 6 14 5 10 3 7 4 5 11 4 5 7 9 10 10 3 13 2 10 8 13 13 8 5 3 5 5 6 7 5 8 5 9 4 7 3 5 7 2 7 4 2 5 11 7 5 2 12 5 10 14 8 5 9 3 9 4 5 7 5 13 6 10 11 9 6 10 12 6 7 11 3 5 5 8 8 5 4 3 4 4 3 4 14 5 6 10 5 9 3 6 4 13 5 3 5 8 6 5 6 6 2 5 6 5 6 8 6 3 8 5 6 4 7 3 7 10 7 8 2 14 4 5 6 6 2 5 11 3 5 5 5 7 6 10 8 7 3 3 6 11 9 5 6 7 5 2 12 5 4 11 11 4 7 7 6 5 4 10 7 3 10 5 3 7 3 8 9 7 6 7 3 8 6 3 7 5 5 3 7 2 8 6 6 11 6 5 7 5 10 10 4 6 11 4 6 2 9 5 10 5 11 3 6 3 7 1 7 12 9 4 6 5 9 8 4 6 4 7 5 10 6 8 7 7 5 8 4 8 10 10 10 3 6 10 7 6 9 9 3 6 4 3 6 14 12 5 11 5 8 5 4 6 5 4 6 5 5 8 7 12 4 12 10 3 11 9 2 6 10 9 4 5 4 8 10 4 6 5 7 5 11 9 6 6 4 11 9 4 4 1 4 7 3 2 1 1 4 7 5 2 1 1 1 1 6 2 2 12 8 1 2 2 7 2 3 5 1 6 3 5 1 4 4 3 2 1 14 6 4 2 2 1 11 3 1 2 6 5 5 2 6 2 1 1 2 1 3 4 3 13 1 1 3 2 3 3 1 2 2 8 4 1 1 7 7 5 1 2 3 7 2 1 1 2 1 2 5 3 3 2 9 2 2 2 1 1 5 1 4 1 6 2 3 4 1 2 2 1 2 4 1 5 1 6 2 1 2 2 2 5 1 3 7 1 4 1 1 3 8 1 12 4 2 1 2 3 2 3 1 9 5 2 2 10 10 4 3 7 1 12 8 4 1 1 2 5 4 3 1 1 6 1 5 2 3 7 2 4 6 3 2 3 9 3 1 4 1 1 2 5 2 2 2 4 5 5 4 4 4 2 1 3 8 2 4 5 6 14 1 1 2 2 1 2 2 3 3 2 6 3 1 2 2 2 4 5 2 1 2 3 13 2 1 1 3 2 1 4 2 1 2 2 3 6 5 3 3 1 2 1 1 1 1 3 1 1 4 2 1 4 1 4 6 12 9 3 14 2 8 2 14 1 2 2 2 4 1 1 3 3 1 4 7 1 9 9 5 1 9 1 2 2 2 14 1 4 1 3 2 2 7 3 3 1 1 2 3 2 3 4 3 1 2 6 5 2 5 2 2 3 4 1 7 3 2 3 5 1 3 6 2 8 6 3 2 2 5 8 1 2 1 9 6 6 9 1 2 2 6 2 2 4 4 2 1 3 6 3 3 3 2 2 10 1 1 1 6 2 4 1 2 1 4 3 1 5 1 1 4 1 3 5 1 4 1 4 6 2 1 1 13 2 1 4 3 4 4 1 2 3 5 3 4 2 5 11 4 14 6 2 3 3 4 1 1 6 4 1 1 9 2 4 1 2 5 2 11 2 1 1 2 8 8 3 5 3 1 1 3 2 6 9 5 5 4 3 3 2 5 7 1 2 4 3 1 5 6 4 2 2 2 1 1 14 4 3 2 4 12 8 6 2 4 1 3 2 7 4 5 3 1 5 3 5 2 1 5 5 6 4 6 6 4 10 1 3 9 8 1 7 8 3 1 2 12 13 3 11 1 9 5 2 1 1 1 1 1 6 5 3 1 1 4 4 1 8 5 2 3 1 4 3 1 8 2 1 4 3 4 3 2 4 1 7 7 4 3 2 3 2 2 1 3 2 4 1 2 2 2 7 3 2 10 3 5 7 4 1 6 3 3 10 7 2 2 1 1 4 1 8 2 1 1 3 1 2 4 3 6 1 13 1 2 2 3 2 6 4 2 3 3 11 1 4 2 1 3 3 5 3 6 9 3 1 1 2 1 1 1 2 1 2 2 7 2 1 1 2 1 1 5 2 8 2 2 3 1 1 1 1 6 1 9 3 9 6 3 8 6 10 3 2 2 3 11 4 2 4 1 2 1 12 1 3 2 2 2 1 6 5 6 2 9 1 1 4 2 3 6 1 3 1 4 3 4 4 1 3 1 4 2 9 1 4 2 6 8 6 1 5 10 5 3 4 1 8 5 9 4 2 3 7 5 4 2 1 1 6 9 5 1 1 2 11 6 12 14 12 11 7 9 9 14 7 6 6 14 9 9 4 8 5 14 2 12 5 2 2 14 3 7 4 1 13 6 2 3 4 14 3 8 13 11 1 6 7 2 14 9 11 3 3 4 3 12 14 4 9 4 8 12 11 5 5 3 2 3 8 5 11 5 5 2 2 5 1 10 2 11 2 13 12 7 11 2 4 11 3 14 6 4 2 13 2 5 1 14 10 3 6 7 14 13 10 3 14 4 3 4 12 10 12 9 5 13 5 4 10 11 6 6 5 11 9 5 6 2 13 4 2 7 3 11 11 12 4 5 3 12 10 13 3 7 1 3 13 5 8 4 11 13 7 5 2 9 2 4 2 9 3 8 8 11 3 13 12 4 3 7 11 10 2 14 6 5 2 13 13 4 6 3 2 12 14 14 8 6 8 4 8 3 4 1 13 6 5 3 12 12 3 11 12 2 9 6 5 14 8 11 2 7 2 14 10 2 2 1 3 7 11 2 13 14 14 12 4 11 12 2 13 14 6 4 4 12 13 7 14 12 14 8 14 1 6 13 7 11 9 3 1 8 9 12 10 2 2 9 6 5 2 5 10 9 11 14 8 3 14 14 13 13 4 5 9 6 11 3 6 14 3 5 2 14 3 4 12 6 3 11 6 5 3 1 14 8 12 6 11 14 4 11 4 13 2 11 11 10 10 9 6 3 3 8 9 12 13 14 2 2 12 4 10 10 1 9 14 2 9 4 5 4 14 14 6 14 9 2 7 3 2 2 4 5 11 13 11 2 1 7 12 14 11 10 12 13 11 5 14 3 10 14 6 12 2 2 7 2 11 13 14 7 4 12 3 4 1 14 10 4 4 3 12 12 13 13 14 13 5 6 9 14 4 10 8 11 3 11 6 4 4 4 13 3 12 4 12 10 1 8 5 9 6 1 13 3 5 4 2 13 10 5 10 2 8 5 14 11 3 8 7 14 8 2 5 4 10 8 13 13 5 12 11 2 8 1 12 7 14 3 10 4 7 2 3 2 13 1 7 2 4 5 11 2 14 12 4 6 4 3 2 2 13 13 12 12 4 12 13 2 7 11 4 9 7 7 3 14 2 12 3 13 2 8 10 7 3 4 12 3 11 9 12 8 3 7 13 8 13 4 3 11 2 14 10 12 4 4 3 10 3 3 5 13 3 5 5 2 2 4 3 4 9 6 4 3 5 3 7 10 3 3 8 2 14 8 2 10 5 14 3 4 14 6 10 5 14 5 2 9 13 5 6 10 7 7 5 6 4 5 5 4 2 3 2 2 2 2 5 9 11 14 13 12 3 10 3 12 12 12 10 14 12 2 2 12 5 5 2 9 12 13 3 14 2 2 10 13 6 4 8 14 13 2 7 10 6 2 3 5 6 8 2 2 1 11 2 3 13 10 12 13 5 14 1 10 3 7 2 4 1 8 8 3 2 14 14 12 3 10 4 10 12 11 3 5 4 12 12 3 3 10 6 14 14 7 6 9 13 2 11 3 4 8 6 1 8 5 2 5 2 13 4 12 4 14 13 4 9 1 3 9 3 6 12 14 2 2 13 10 9 13 6 4 2 4 13 11 5 2 3 10 2 14 5 6 5 6 3 6 13 12 6 10 10 12 14 10 8 10 10 10 9 12 9 11 14 14 9 13 11 4 13 14 8 10 11 6 13 12 10 2 5 5 5 5 4 3 10 4 12 5 10 10 9 7 3 2 5 4 4 14 12 6 13 10 6 2 5 5 3 13 8 8 9 5 4 8 1 10 10 8 5 14 13 14 14 8 4 12 2 13 7 9 14 11 14 8 4 13 6 11 14 13 6 6 13 10 4 4 10 14 3 10 8 8 12 3 4 8 11 8 3 5 12 9 6 4 13 3 4 7 9 13 5 12 2 12 6 5 3 8 13 5 6 7 9 11 5 12 3 2 8 14 9 5 5 14 3 13 7 14 8 13 12 13 2 9 4 8 14 2 4 13 6 10 12 8 4 8 11 2 13 3 10 14 12 7 3 14 5 12 5 14 3 3 14 8 4 5 10 13 7 7 4 14 11 13 5 5 8 9 3 7 12 3 5 11 6 13 13 14 13 9 14 4 13 6 14 8 14 12 8 5 5 3 4 8 14 12 5 5 7 6 6 4 6 5 9 7 4 2 1 8 6 8 4 3 13 8 13 14 9 7 7 7 14 7 4 5 3 12 12 11 13 13 11 13 4 12 12 12 7 3 5 12 14 11 6 13 9 13 8 8 6 8 5 5 11 13 13 5 6 7 1 13 4 11 12 7 14 13 14 2 14 14 3 3 12 14 11 12 10 7 3 13 4 7 4 3 11 10 6 14 8 7 8 5 13 12 1 6 7 6 12 3 13 10 3 7 10 4 8 5 11 12 4 13 9 3 14 11 14 13 8 3 5 2 3 13 14 13 7 5 4 11 6 14 7 6 12 9 3 6 14 3 9 7 5 13 14 5 8 11 6 14 1 13 10 13 11 14 3 3 10 6 12 12 6 9 8 6 3 10 12 4 10 14 5 4 9 8 14 10 2 14 8 14 6 6 5 14 6 13 8 9 14 6 9 12 9 3 8 9 5 5 9 13 10 14 14 13 7 5 14 7 5 6 10 3 11 13 14 4 12 7 7 4 14 2 9 12 8 14 3 6 13 9 11 9 11 5 14 13 7 8 4 12 6 14 10 13 4 2 7 3 9 8 13 10 5 2 3 4 7 14 14 6 8 6 5 7 4 6 7 11 13 12 9 5 12 13 13 12 4 5 10 4 3 6 7 14 2 8 12 11 8 4 6 9 6 5 3 14 13 4 3 9 10 10 5 14 7 12 12 12 14 4 8 14 10 8 7 5 4 5 9 8 12 10 9 14 2 6 10 7 9 14 4 13 12 14 14 7 12 14 13 9 10 7 4 11 6 13 4 7 14 7 14 13 8 13 10 14 5 14 11 11 9 11 3 9 7 13 3 5 14 5 10 9 14 9 9 2 5 5 4 8 14 4 13 8 5 13 5 2 8 5 3 10 9 9 12 3 6 6 6 11 14 11 4 13 10 14 8 6 12 4 3 14 10 5 10 11 13 13 13 6 6 5 13 9 6 10 3 13 4 6 13 11 5 14 8 6 11 3 12 5 4 7 14 11 14 13 14 2 11 14 5 5 1 2 11 2 11 12 10 7 5 3 14 12 5 13 13 7 11 10 14 6 13,1 1 1 1 1 1 1 1 1 1 1 1 1 1 1 1 1 1 1 1 1 1 1 1 1 1 1 1 1 1 1 1 1 1 1 1 1 1 1 1 1 1 1 1 1 1 1 1 1 1 1 1 1 1 1 1 1 1 1 1 1 1 1 1 1 1 1 1 1 1 1 1 1 1 1 1 1 1 1 1 1 1 1 1 1 1 1 1 1 1 1 1 1 1 1 1 1 1 1 1 1 1 1 1 1 1 1 1 1 1 1 1 1 1 1 1 1 1 1 1 1 1 1 1 1 1 1 1 1 1 1 1 1 1 1 1 1 1 1 1 1 1 1 1 1 1 1 1 1 1 1 1 1 1 1 1 1 1 1 1 1 1 1 1 1 1 1 1 1 1 1 1 1 1 1 1 1 1 1 1 1 1 1 1 1 1 1 1 1 1 1 1 1 1 1 1 1 1 1 1 1 1 1 1 1 1 1 1 1 1 1 1 1 1 1 1 1 1 1 1 1 1 1 1 1 1 1 1 1 1 1 1 1 1 1 1 1 1 1 1 1 1 1 1 1 1 1 1 1 1 1 1 1 1 1 1 1 1 1 1 1 1 1 1 1 1 1 1 1 1 1 1 1 1 1 1 1 1 1 1 1 1 1 1 1 1 1 1 1 1 1 1 1 1 1 1 1 1 1 1 1 1 1 1 1 1 1 1 1 1 1 1 1 1 1 1 1 1 1 1 1 1 1 1 1 1 1 1 1 1 1 1 1 1 1 1 1 1 1 1 1 1 1 1 1 1 1 1 1 1 1 1 1 1 1 1 1 1 1 1 1 1 1 1 1 1 1 1 1 1 1 1 1 1 1 1 1 1 1 1 1 1 1 1 1 1 1 1 1 1 1 1 1 1 1 1 1 1 1 1 1 1 1 1 1 1 1 1 1 1 1 1 1 1 1 1 1 1 1 1 1 1 1 1 1 1 1 1 1 1 1 1 1 1 1 1 1 1 1 1 1 1 1 1 1 1 1 1 1 1 1 1 1 1 1 1 1 1 1 1 1 1 1 1 1 1 1 1 1 1 1 1 1 1 1 1 1 1 1 1 1 1 1 1 1 1 1 1 1 1 1 1 1 1 1 1 1 1 1 1 1 1 1 1 1 1 1 1 1 1 1 1 1 1 1 1 1 1 1 1 1 1 1 1 1 1 1 1 1 1 1 1 1 1 1 1 1 1 1 1 1 1 1 1 1 1 1 1 1 1 1 1 1 1 1 1 1 1 1 1 1 1 1 1 1 1 1 1 1 1 1 1 1 1 1 1 1 1 1 1 1 1 1 1 1 1 1 1 1 1 1 1 1 1 1 1 1 1 1 1 1 1 1 1 1 1 1 1 1 1 1 1 1 1 1 1 1 1 1 1 1 1 1 1 1 1 1 1 1 1 1 1 1 1 1 1 1 1 1 1 1 1 1 1 1 1 1 1 1 1 1 1 1 1 1 1 1 1 1 1 1 1 1 1 1 1 1 1 1 1 1 1 1 1 1 1 1 1 1 1 1 1 1 1 1 1 1 1 1 1 1 1 1 1 1 1 1 1 1 1 1 1 1 1 1 1 1 1 1 1 1 1 1 1 2 2 2 2 2 2 2 2 2 2 2 2 2 2 2 2 2 2 2 2 2 2 2 2 2 2 2 2 2 2 2 2 2 2 2 2 2 2 2 2 2 2 2 2 2 2 2 2 2 2 2 2 2 2 2 2 2 2 2 2 2 2 2 2 2 2 2 2 2 2 2 2 2 2 2 2 2 2 2 2 2 2 2 2 2 2 2 2 2 2 2 2 2 2 2 2 2 2 2 2 2 2 2 2 2 2 2 2 2 2 2 2 2 2 2 2 2 2 2 2 2 2 2 2 2 2 2 2 2 2 2 2 2 2 2 2 2 2 2 2 2 2 2 2 2 2 2 2 2 2 2 2 2 2 2 2 2 2 2 2 2 2 2 2 2 2 2 2 2 2 2 2 2 2 2 2 2 2 2 2 2 2 2 2 2 2 2 2 2 2 2 2 2 2 2 2 2 2 2 2 2 2 2 2 2 2 2 2 2 2 2 2 2 2 2 2 2 2 2 2 2 2 2 2 2 2 2 2 2 2 2 2 2 2 2 2 2 2 2 2 2 2 2 2 2 2 2 2 2 2 2 2 2 2 2 2 2 2 2 2 2 2 2 2 2 2 2 2 2 2 2 2 2 2 2 2 2 2 2 2 2 2 2 2 2 2 2 2 2 2 2 2 2 2 2 2 2 2 2 2 2 2 2 2 2 2 2 2 2 2 2 2 2 2 2 2 2 2 2 2 2 2 2 2 2 2 2 2 2 2 2 2 2 2 2 2 2 2 2 2 2 2 2 2 2 2 2 2 2 2 2 2 2 2 2 2 2 2 2 2 2 2 2 2 2 2 2 2 2 2 2 2 2 2 2 2 2 2 2 2 2 2 2 2 2 2 2 2 2 2 2 2 2 2 2 2 2 2 2 2 2 2 2 2 2 2 2 2 2 2 2 2 2 2 2 2 2 2 2 2 2 2 2 2 2 2 2 2 2 2 2 2 2 2 2 2 2 2 2 2 2 2 2 2 2 2 2 2 2 2 2 2 2 2 2 2 2 2 2 2 2 2 2 2 2 2 2 2 2 2 2 2 2 2 2 2 2 2 2 2 2 2 2 2 2 2 2 2 2 2 2 2 2 2 2 2 2 2 2 2 2 2 2 2 2 2 2 2 2 2 2 2 2 2 2 2 2 2 2 2 2 2 2 2 2 2 2 2 2 2 2 2 2 2 2 2 2 2 2 2 2 2 2 2 2 2 2 2 2 2 2 2 2 2 2 2 2 2 2 2 2 2 2 2 2 2 2 2 2 2 2 2 2 2 2 2 2 2 2 2 2 2 2 2 2 2 2 2 2 2 2 2 2 2 2 2 2 2 2 2 2 2 2 2 2 2 2 2 2 2 2 2 2 2 2 2 2 2 2 2 2 2 2 2 2 2 2 2 2 2 2 2 2 2 2 2 2 2 2 2 2 2 2 2 2 2 2 2 2 2 2 2 2 2 2 2 2 2 2 2 2 2 2 2 2 2 2 2 2 2 2 2 2 2 2 2 2 2 2 2 2 2 2 2 2 2 2 2 2 2 2 2 2 2 2 2 2 2 2 2 2 2 2 2 2 2 2 2 2 2 2 2 2 3 3 3 3 3 3 3 3 3 3 3 3 3 3 3 3 3 3 3 3 3 3 3 3 3 3 3 3 3 3 3 3 3 3 3 3 3 3 3 3 3 3 3 3 3 3 3 3 3 3 3 3 3 3 3 3 3 3 3 3 3 3 3 3 3 3 3 3 3 3 3 3 3 3 3 3 3 3 3 3 3 3 3 3 3 3 3 3 3 3 3 3 3 3 3 3 3 3 3 3 3 3 3 3 3 3 3 3 3 3 3 3 3 3 3 3 3 3 3 3 3 3 3 3 3 3 3 3 3 3 3 3 3 3 3 3 3 3 3 3 3 3 3 3 3 3 3 3 3 3 3 3 3 3 3 3 3 3 3 3 3 3 3 3 3 3 3 3 3 3 3 3 3 3 3 3 3 3 3 3 3 3 3 3 3 3 3 3 3 3 3 3 3 3 3 3 3 3 3 3 3 3 3 3 3 3 3 3 3 3 3 3 3 3 3 3 3 3 3 3 3 3 3 3 3 3 3 3 3 3 3 3 3 3 3 3 3 3 3 3 3 3 3 3 3 3 3 3 3 3 3 3 3 3 3 3 3 3 3 3 3 3 3 3 3 3 3 3 3 3 3 3 3 3 3 3 3 3 3 3 3 3 3 3 3 3 3 3 3 3 3 3 3 3 3 3 3 3 3 3 3 3 3 3 3 3 3 3 3 3 3 3 3 3 3 3 3 3 3 3 3 3 3 3 3 3 3 3 3 3 3 3 3 3 3 3 3 3 3 3 3 3 3 3 3 3 3 3 3 3 3 3 3 3 3 3 3 3 3 3 3 3 3 3 3 3 3 3 3 3 3 3 3 3 3 3 3 3 3 3 3 3 3 3 3 3 3 3 3 3 3 3 3 3 3 3 3 3 3 3 3 3 3 3 3 3 3 3 3 3 3 3 3 3 3 3 3 3 3 3 3 3 3 3 3 3 3 3 3 3 3 3 3 3 3 3 3 3 3 3 3 3 3 3 3 3 3 3 3 3 3 3 3 3 3 3 3 3 3 3 3 3 3 3 3 3 3 3 3 3 3 3 3 3 3 3 3 3 3 3 3 3 3 3 3 3 3 3 3 3 3 3 3 3 3 3 3 3 3 3 3 3 3 3 3 3 3 3 3 3 3 3 3 3 3 3 3 3 3 3 3 3 3 3 3 3 3 3 3 3 3 3 3 3 3 3 3 3 3 3 3 3 3 3 3 3 3 3 3 3 3 3 3 3 3 3 3 3 3 3 3 3 3 3 3 3 3 3 3 3 3 3 3 3 3 3 3 3 3 3 3 3 3 3 3 3 3 3 3 3 3 3 3 3 3 3 3 3 3 3 3 3 3 3 3 3 3 3 3 3 3 3 3 3 3 3 3 3 3 3 3 3 3 3 3 3 3 3 3 3 3 3 3 3 3 3 3 3 3 3 3 3 3 3 3 3 3 3 3 3 3 3 3 3 3 3 3 3 3 3 3 3 3 3 3 3 3 3 3 3 3 3 3 3 3 3 3 3 3 3 3 3 3 3 3 3 3 3 3 3 3 3 3 3 3 3 3 3 3 3 3 3 3 3 3 3 3 3 3 3 3 3 3 4 4 4 4 4 4 4 4 4 4 4 4 4 4 4 4 4 4 4 4 4 4 4 4 4 4 4 4 4 4 4 4 4 4 4 4 4 4 4 4 4 4 4 4 4 4 4 4 4 4 4 4 4 4 4 4 4 4 4 4 4 4 4 4 4 4 4 4 4 4 4 4 4 4 4 4 4 4 4 4 4 4 4 4 4 4 4 4 4 4 4 4 4 4 4 4 4 4 4 4 4 4 4 4 4 4 4 4 4 4 4 4 4 4 4 4 4 4 4 4 4 4 4 4 4 4 4 4 4 4 4 4 4 4 4 4 4 4 4 4 4 4 4 4 4 4 4 4 4 4 4 4 4 4 4 4 4 4 4 4 4 4 4 4 4 4 4 4 4 4 4 4 4 4 4 4 4 4 4 4 4 4 4 4 4 4 4 4 4 4 4 4 4 4 4 4 4 4 4 4 4 4 4 4 4 4 4 4 4 4 4 4 4 4 4 4 4 4 4 4 4 4 4 4 4 4 4 4 4 4 4 4 4 4 4 4 4 4 4 4 4 4 4 4 4 4 4 4 4 4 4 4 4 4 4 4 4 4 4 4 4 4 4 4 4 4 4 4 4 4 4 4 4 4 4 4 4 4 4 4 4 4 4 4 4 4 4 4 4 4 4 4 4 4 4 4 4 4 4 4 4 4 4 4 4 4 4 4 4 4 4 4 4 4 4 4 4 4 4 4 4 4 4 4 4 4 4 4 4 4 4 4 4 4 4 4 4 4 4 4 4 4 4 4 4 4 4 4 4 4 4 4 4 4 4 4 4 4 4 4 4 4 4 4 4 4 4 4 4 4 4 4 4 4 4 4 4 4 4 4 4 4 4 4 4 4 4 4 4 4 4 4 4 4 4 4 4 4 4 4 4 4 4 4 4 4 4 4 4 4 4 4 4 4 4 4 4 4 4 4 4 4 4 4 4 4 4 4 4 4 4 4 4 4 4 4 4 4 4 4 4 4 4 4 4 4 4 4 4 4 4 4 4 4 4 4 4 4 4 4 4 4 4 4 4 4 4 4 4 4 4 4 4 4 4 4 4 4 4 4 4 4 4 4 4 4 4 4 4 4 4 4 4 4 4 4 4 4 4 4 4 4 4 4 4 4 4 4 4 4 4 4 4 4 4 4 4 4 4 4 4 4 4 4 4 4 4 4 4 4 4 4 4 4 4 4 4 4 4 4 4 4 4 4 4 4 4 4 4 4 4 4 4 4 4 4 4 4 4 4 4 4 4 4 4 4 4 4 4 4 4 4 4 4 4 4 4 4 4 4 4 4 4 4 4 4 4 4 4 4 4 4 4 4 4 4 4 4 4 4 4 4 4 4 4 4 4 4 4 4 4 4 4 4 4 4 4 4 4 4 4 4 4 4 4 4 4 4 4 4 4 4 4 4 4 4 4 4 4 4 4 4 4 4 4 4 4 4 4 4 4 4 4 4 4 4 4 4 4 4 4 4 4 4 4 4 4 4 4 4 4 4 4 4 4 4 4 4 4 4 4 4 4 4 4 4 4 4 4 4 4 4 4 4 4 4 4 4 4 4 4 4 4 4 4 4 4 4 4 4 4 4 4 4 5 5 5 5 5 5 5 5 5 5 5 5 5 5 5 5 5 5 5 5 5 5 5 5 5 5 5 5 5 5 5 5 5 5 5 5 5 5 5 5 5 5 5 5 5 5 5 5 5 5 5 5 5 5 5 5 5 5 5 5 5 5 5 5 5 5 5 5 5 5 5 5 5 5 5 5 5 5 5 5 5 5 5 5 5 5 5 5 5 5 5 5 5 5 5 5 5 5 5 5 5 5 5 5 5 5 5 5 5 5 5 5 5 5 5 5 5 5 5 5 5 5 5 5 5 5 5 5 5 5 5 5 5 5 5 5 5 5 5 5 5 5 5 5 5 5 5 5 5 5 5 5 5 5 5 5 5 5 5 5 5 5 5 5 5 5 5 5 5 5 5 5 5 5 5 5 5 5 5 5 5 5 5 5 5 5 5 5 5 5 5 5 5 5 5 5 5 5 5 5 5 5 5 5 5 5 5 5 5 5 5 5 5 5 5 5 5 5 5 5 5 5 5 5 5 5 5 5 5 5 5 5 5 5 5 5 5 5 5 5 5 5 5 5 5 5 5 5 5 5 5 5 5 5 5 5 5 5 5 5 5 5 5 5 5 5 5 5 5 5 5 5 5 5 5 5 5 5 5 5 5 5 5 5 5 5 5 5 5 5 5 5 5 5 5 5 5 5 5 5 5 5 5 5 5 5 5 5 5 5 5 5 5 5 5 5 5 5 5 5 5 5 5 5 5 5 5 5 5 5 5 5 5 5 5 5 5 5 5 5 5 5 5 5 5 5 5 5 5 5 5 5 5 5 5 5 5 5 5 5 5 5 5 5 5 5 5 5 5 5 5 5 5 5 5 5 5 5 5 5 5 5 5 5 5 5 5 5 5 5 5 5 5 5 5 5 5 5 5 5 5 5 5 5 5 5 5 5 5 5 5 5 5 5 5 5 5 5 5 5 5 5 5 5 5 5 5 5 5 5 5 5 5 5 5 5 5 5 5 5 5 5 5 5 5 5 5 5 5 5 5 5 5 5 5 5 5 5 5 5 5 5 5 5 5 5 5 5 5 5 5 5 5 5 5 5 5 5 5 5 5 5 5 5 5 5 5 5 5 5 5 5 5 5 5 5 5 5 5 5 5 5 5 5 5 5 5 5 5 5 5 5 5 5 5 5 5 5 5 5 5 5 5 5 5 5 5 5 5 5 5 5 5 5 5 5 5 5 5 5 5 5 5 5 5 5 5 5 5 5 5 5 5 5 5 5 5 5 5 5 5 5 5 5 5 5 5 5 5 5 5 5 5 5 5 5 5 5 5 5 5 5 5 5 5 5 5 5 5 5 5 5 5 5 5 5 5 5 5 5 5 5 5 5 5 5 5 5 5 5 5 5 5 5 5 5 5 5 5 5 5 5 5 5 5 5 5 5 5 5 5 5 5 5 5 5 5 5 5 5 5 5 5 5 5 5 5 5 5 5 5 5 5 5 5 5 5 5 5 5 5 5 5 5 5 5 5 5 5 5 5 5 5 5 5 5 5 5 5 5 5 5 5 5 5 5 5 5 5 5 5 5 5 5 5 5 5 5 5 5 5 5 5 5 5 5 5 5 5 5 5 5 5 5 6 6 6 6 6 6 6 6 6 6 6 6 6 6 6 6 6 6 6 6 6 6 6 6 6 6 6 6 6 6 6 6 6 6 6 6 6 6 6 6 6 6 6 6 6 6 6 6 6 6 6 6 6 6 6 6 6 6 6 6 6 6 6 6 6 6 6 6 6 6 6 6 6 6 6 6 6 6 6 6 6 6 6 6 6 6 6 6 6 6 6 6 6 6 6 6 6 6 6 6 6 6 6 6 6 6 6 6 6 6 6 6 6 6 6 6 6 6 6 6 6 6 6 6 6 6 6 6 6 6 6 6 6 6 6 6 6 6 6 6 6 6 6 6 6 6 6 6 6 6 6 6 6 6 6 6 6 6 6 6 6 6 6 6 6 6 6 6 6 6 6 6 6 6 6 6 6 6 6 6 6 6 6 6 6 6 6 6 6 6 6 6 6 6 6 6 6 6 6 6 6 6 6 6 6 6 6 6 6 6 6 6 6 6 6 6 6 6 6 6 6 6 6 6 6 6 6 6 6 6 6 6 6 6 6 6 6 6 6 6 6 6 6 6 6 6 6 6 6 6 6 6 6 6 6 6 6 6 6 6 6 6 6 6 6 6 6 6 6 6 6 6 6 6 6 6 6 6 6 6 6 6 6 6 6 6 6 6 6 6 6 6 6 6 6 6 6 6 6 6 6 6 6 6 6 6 6 6 6 6 6 6 6 6 6 6 6 6 6 6 6 6 6 6 6 6 6 6 6 6 6 6 6 6 6 6 6 6 6 6 6 6 6 6 6 6 6 6 6 6 6 6 6 6 6 6 6 6 6 6 6 6 6 6 6 6 6 6 6 6 6 6 6 6 6 6 6 6 6 6 6 6 6 6 6 6 6 6 6 6 6 6 6 6 6 6 6 6 6 6 6 6 6 6 6 6 6 6 6 6 6 6 6 6 6 6 6 6 6 6 6 6 6 6 6 6 6 6 6 6 6 6 6 6 6 6 6 6 6 6 6 6 6 6 6 6 6 6 6 6 6 6 6 6 6 6 6 6 6 6 6 6 6 6 6 6 6 6 6 6 6 6 6 6 6 6 6 6 6 6 6 6 6 6 6 6 6 6 6 6 6 6 6 6 6 6 6 6 6 6 6 6 6 6 6 6 6 6 6 6 6 6 6 6 6 6 6 6 6 6 6 6 6 6 6 6 6 6 6 6 6 6 6 6 6 6 6 6 6 6 6 6 6 6 6 6 6 6 6 6 6 6 6 6 6 6 6 6 6 6 6 6 6 6 6 6 6 6 6 6 6 6 6 6 6 6 6 6 6 6 6 6 6 6 6 6 6 6 6 6 6 6 6 6 6 6 6 6 6 6 6 6 6 6 6 6 6 6 6 6 6 6 6 6 6 6 6 6 6 6 6 6 6 6 6 6 6 6 6 6 6 6 6 6 6 6 6 6 6 6 6 6 6 6 6 6 6 6 6 6 6 6 6 6 6 6 6 6 6 6 6 6 6 6 6 6 6 6 6 6 6 6 6 6 6 6 6 6 6 6 6 6 6 6 6 6 6 6 6 6 6 6 6 6 6 6 6 6 6 6 6 6 6 6 6 6 6 6 6 6 6 6 6 6 7 7 7 7 7 7 7 7 7 7 7 7 7 7 7 7 7 7 7 7 7 7 7 7 7 7 7 7 7 7 7 7 7 7 7 7 7 7 7 7 7 7 7 7 7 7 7 7 7 7 7 7 7 7 7 7 7 7 7 7 7 7 7 7 7 7 7 7 7 7 7 7 7 7 7 7 7 7 7 7 7 7 7 7 7 7 7 7 7 7 7 7 7 7 7 7 7 7 7 7 7 7 7 7 7 7 7 7 7 7 7 7 7 7 7 7 7 7 7 7 7 7 7 7 7 7 7 7 7 7 7 7 7 7 7 7 7 7 7 7 7 7 7 7 7 7 7 7 7 7 7 7 7 7 7 7 7 7 7 7 7 7 7 7 7 7 7 7 7 7 7 7 7 7 7 7 7 7 7 7 7 7 7 7 7 7 7 7 7 7 7 7 7 7 7 7 7 7 7 7 7 7 7 7 7 7 7 7 7 7 7 7 7 7 7 7 7 7 7 7 7 7 7 7 7 7 7 7 7 7 7 7 7 7 7 7 7 7 7 7 7 7 7 7 7 7 7 7 7 7 7 7 7 7 7 7 7 7 7 7 7 7 7 7 7 7 7 7 7 7 7 7 7 7 7 7 7 7 7 7 7 7 7 7 7 7 7 7 7 7 7 7 7 7 7 7 7 7 7 7 7 7 7 7 7 7 7 7 7 7 7 7 7 7 7 7 7 7 7 7 7 7 7 7 7 7 7 7 7 7 7 7 7 7 7 7 7 7 7 7 7 7 7 7 7 7 7 7 7 7 7 7 7 7 7 7 7 7 7 7 7 7 7 7 7 7 7 7 7 7 7 7 7 7 7 7 7 7 7 7 7 7 7 7 7 7 7 7 7 7 7 7 7 7 7 7 7 7 7 7 7 7 7 7 7 7 7 7 7 7 7 7 7 7 7 7 7 7 7 7 7 7 7 7 7 7 7 7 7 7 7 7 7 7 7 7 7 7 7 7 7 7 7 7 7 7 7 7 7 7 7 7 7 7 7 7 7 7 7 7 7 7 7 7 7 7 7 7 7 7 7 7 7 7 7 7 7 7 7 7 7 7 7 7 7 7 7 7 7 7 7 7 7 7 7 7 7 7 7 7 7 7 7 7 7 7 7 7 7 7 7 7 7 7 7 7 7 7 7 7 7 7 7 7 7 7 7 7 7 7 7 7 7 7 7 7 7 7 7 7 7 7 7 7 7 7 7 7 7 7 7 7 7 7 7 7 7 7 7 7 7 7 7 7 7 7 7 7 7 7 7 7 7 7 7 7 7 7 7 7 7 7 7 7 7 7 7 7 7 7 7 7 7 7 7 7 7 7 7 7 7 7 7 7 7 7 7 7 7 7 7 7 7 7 7 7 7 7 7 7 7 7 7 7 7 7 7 7 7 7 7 7 7 7 7 7 7 7 7 7 7 7 7 7 7 7 7 7 7 7 7 7 7 7 7 7 7 7 7 7 7 7 7 7 7 7 7 7 7 7 7 7 7 7 7 7 7 7 7 7 7 7 7 7 7 7 7 7 7 7 7 7 7 7 7 7 7 7 7 7 7 7 7 7 7 7 7 7 7 7 7 7 7 7 8 8 8 8 8 8 8 8 8 8 8 8 8 8 8 8 8 8 8 8 8 8 8 8 8 8 8 8 8 8 8 8 8 8 8 8 8 8 8 8 8 8 8 8 8 8 8 8 8 8 8 8 8 8 8 8 8 8 8 8 8 8 8 8 8 8 8 8 8 8 8 8 8 8 8 8 8 8 8 8 8 8 8 8 8 8 8 8 8 8 8 8 8 8 8 8 8 8 8 8 8 8 8 8 8 8 8 8 8 8 8 8 8 8 8 8 8 8 8 8 8 8 8 8 8 8 8 8 8 8 8 8 8 8 8 8 8 8 8 8 8 8 8 8 8 8 8 8 8 8 8 8 8 8 8 8 8 8 8 8 8 8 8 8 8 8 8 8 8 8 8 8 8 8 8 8 8 8 8 8 8 8 8 8 8 8 8 8 8 8 8 8 8 8 8 8 8 8 8 8 8 8 8 8 8 8 8 8 8 8 8 8 8 8 8 8 8 8 8 8 8 8 8 8 8 8 8 8 8 8 8 8 8 8 8 8 8 8 8 8 8 8 8 8 8 8 8 8 8 8 8 8 8 8 8 8 8 8 8 8 8 8 8 8 8 8 8 8 8 8 8 8 8 8 8 8 8 8 8 8 8 8 8 8 8 8 8 8 8 8 8 8 8 8 8 8 8 8 8 8 8 8 8 8 8 8 8 8 8 8 8 8 8 8 8 8 8 8 8 8 8 8 8 8 8 8 8 8 8 8 8 8 8 8 8 8 8 8 8 8 8 8 8 8 8 8 8 8 8 8 8 8 8 8 8 8 8 8 8 8 8 8 8 8 8 8 8 8 8 8 8 8 8 8 8 8 8 8 8 8 8 8 8 8 8 8 8 8 8 8 8 8 8 8 8 8 8 8 8 8 8 8 8 8 8 8 8 8 8 8 8 8 8 8 8 8 8 8 8 8 8 8 8 8 8 8 8 8 8 8 8 8 8 8 8 8 8 8 8 8 8 8 8 8 8 8 8 8 8 8 8 8 8 8 8 8 8 8 8 8 8 8 8 8 8 8 8 8 8 8 8 8 8 8 8 8 8 8 8 8 8 8 8 8 8 8 8 8 8 8 8 8 8 8 8 8 8 8 8 8 8 8 8 8 8 8 8 8 8 8 8 8 8 8 8 8 8 8 8 8 8 8 8 8 8 8 8 8 8 8 8 8 8 8 8 8 8 8 8 8 8 8 8 8 8 8 8 8 8 8 8 8 8 8 8 8 8 8 8 8 8 8 8 8 8 8 8 8 8 8 8 8 8 8 8 8 8 8 8 8 8 8 8 8 8 8 8 8 8 8 8 8 8 8 8 8 8 8 8 8 8 8 8 8 8 8 8 8 8 8 8 8 8 8 8 8 8 8 8 8 8 8 8 8 8 8 8 8 8 8 8 8 8 8 8 8 8 8 8 8 8 8 8 8 8 8 8 8 8 8 8 8 8 8 8 8 8 8 8 8 8 8 8 8 8 8 8 8 8 8 8 8 8 8 8 8 8 8 8 8 8 8 8 8 8 8 8 8 8 8 8 8 8 8 8 8 8 8 8 8 8 8 8 8 8 8 8 8 8 8 8 8 8 8 9 9 9 9 9 9 9 9 9 9 9 9 9 9 9 9 9 9 9 9 9 9 9 9 9 9 9 9 9 9 9 9 9 9 9 9 9 9 9 9 9 9 9 9 9 9 9 9 9 9 9 9 9 9 9 9 9 9 9 9 9 9 9 9 9 9 9 9 9 9 9 9 9 9 9 9 9 9 9 9 9 9 9 9 9 9 9 9 9 9 9 9 9 9 9 9 9 9 9 9 9 9 9 9 9 9 9 9 9 9 9 9 9 9 9 9 9 9 9 9 9 9 9 9 9 9 9 9 9 9 9 9 9 9 9 9 9 9 9 9 9 9 9 9 9 9 9 9 9 9 9 9 9 9 9 9 9 9 9 9 9 9 9 9 9 9 9 9 9 9 9 9 9 9 9 9 9 9 9 9 9 9 9 9 9 9 9 9 9 9 9 9 9 9 9 9 9 9 9 9 9 9 9 9 9 9 9 9 9 9 9 9 9 9 9 9 9 9 9 9 9 9 9 9 9 9 9 9 9 9 9 9 9 9 9 9 9 9 9 9 9 9 9 9 9 9 9 9 9 9 9 9 9 9 9 9 9 9 9 9 9 9 9 9 9 9 9 9 9 9 9 9 9 9 9 9 9 9 9 9 9 9 9 9 9 9 9 9 9 9 9 9 9 9 9 9 9 9 9 9 9 9 9 9 9 9 9 9 9 9 9 9 9 9 9 9 9 9 9 9 9 9 9 9 9 9 9 9 9 9 9 9 9 9 9 9 9 9 9 9 9 9 9 9 9 9 9 9 9 9 9 9 9 9 9 9 9 9 9 9 9 9 9 9 9 9 9 9 9 9 9 9 9 9 9 9 9 9 9 9 9 9 9 9 9 9 9 9 9 9 9 9 9 9 9 9 9 9 9 9 9 9 9 9 9 9 9 9 9 9 9 9 9 9 9 9 9 9 9 9 9 9 9 9 9 9 9 9 9 9 9 9 9 9 9 9 9 9 9 9 9 9 9 9 9 9 9 9 9 9 9 9 9 9 9 9 9 9 9 9 9 9 9 9 9 9 9 9 9 9 9 9 9 9 9 9 9 9 9 9 9 9 9 9 9 9 9 9 9 9 9 9 9 9 9 9 9 9 9 9 9 9 9 9 9 9 9 9 9 9 9 9 9 9 9 9 9 9 9 9 9 9 9 9 9 9 9 9 9 9 9 9 9 9 9 9 9 9 9 9 9 9 9 9 9 9 9 9 9 9 9 9 9 9 9 9 9 9 9 9 9 9 9 9 9 9 9 9 9 9 9 9 9 9 9 9 9 9 9 9 9 9 9 9 9 9 9 9 9 9 9 9 9 9 9 9 9 9 9 9 9 9 9 9 9 9 9 9 9 9 9 9 9 9 9 9 9 9 9 9 9 9 9 9 9 9 9 9 9 9 9 9 9 9 9 9 9 9 9 9 9 9 9 9 9 9 9 9 9 9 9 9 9 9 9 9 9 9 9 9 9 9 9 9 9 9 9 9 9 9 9 9 9 9 9 9 9 9 9 9 9 9 9 9 9 9 9 9 9 9 9 9 9 9 9 9 9 9 9 9 9 9 9 9 9 9 9 9 9 9 9 9 9 9 10 10 10 10 10 10 10 10 10 10 10 10 10 10 10 10 10 10 10 10 10 10 10 10 10 10 10 10 10 10 10 10 10 10 10 10 10 10 10 10 10 10 10 10 10 10 10 10 10 10 10 10 10 10 10 10 10 10 10 10 10 10 10 10 10 10 10 10 10 10 10 10 10 10 10 10 10 10 10 10 10 10 10 10 10 10 10 10 10 10 10 10 10 10 10 10 10 10 10 10 10 10 10 10 10 10 10 10 10 10 10 10 10 10 10 10 10 10 10 10 10 10 10 10 10 10 10 10 10 10 10 10 10 10 10 10 10 10 10 10 10 10 10 10 10 10 10 10 10 10 10 10 10 10 10 10 10 10 10 10 10 10 10 10 10 10 10 10 10 10 10 10 10 10 10 10 10 10 10 10 10 10 10 10 10 10 10 10 10 10 10 10 10 10 10 10 10 10 10 10 10 10 10 10 10 10 10 10 10 10 10 10 10 10 10 10 10 10 10 10 10 10 10 10 10 10 10 10 10 10 10 10 10 10 10 10 10 10 10 10 10 10 10 10 10 10 10 10 10 10 10 10 10 10 10 10 10 10 10 10 10 10 10 10 10 10 10 10 10 10 10 10 10 10 10 10 10 10 10 10 10 10 10 10 10 10 10 10 10 10 10 10 10 10 10 10 10 10 10 10 10 10 10 10 10 10 10 10 10 10 10 10 10 10 10 10 10 10 10 10 10 10 10 10 10 10 10 10 10 10 10 10 10 10 10 10 10 10 10 10 10 10 10 10 10 10 10 10 10 10 10 10 10 10 10 10 10 10 10 10 10 10 10 10 10 10 10 10 10 10 10 10 10 10 10 10 10 10 10 10 10 10 10 10 10 10 10 10 10 10 10 10 10 10 10 10 10 10 10 10 10 10 10 10 10 10 10 10 10 10 10 10 10 10 10 10 10 10 10 10 10 10 10 10 10 10 10 10 10 10 10 10 10 10 10 10 10 10 10 10 10 10 10 10 10 10 10 10 10 10 10 10 10 10 10 10 10 10 10 10 10 10 10 10 10 10 10 10 10 10 10 10 10 10 10 10 10 10 10 10 10 10 10 10 10 10 10 10 10 10 10 10 10 10 10 10 10 10 10 10 10 10 10 10 10 10 10 10 10 10 10 10 10 10 10 10 10 10 10 10 10 10 10 10 10 10 10 10 10 10 10 10 10 10 10 10 10 10 10 10 10 10 10 10 10 10 10 10 10 10 10 10 10 10 10 10 10 10 10 10 10 10 10 10 10 10 10 10 10 10 10 10 10 10 10 10 10 10 10 10 10 10 10 10 10 10 10 10 10 10 10 10 10 10 10 10 10 10 10 10 10 10 10 10 10 10 10 10 10 10 10 10 10 10 10 10 10 10 10 10 10 10 10 10 10 10 10 10 10 10 10 10 10 10 10 10 10 10 10 10 10 10 10 10 10 10 10 10 10 10 10 10 10 10 10 10 10 10 10 10 10 10 10 10 10 10 10 10 10 10 10 10 10 10 10 10 10 10 10 10 10 10 10 10 10 10 10 10 10 10 10 10 10 10 10 10 10 10 10 10 10 10 10 10 10 10 10 10 10 10 10 10 10 10 11 11 11 11 11 11 11 11 11 11 11 11 11 11 11 11 11 11 11 11 11 11 11 11 11 11 11 11 11 11 11 11 11 11 11 11 11 11 11 11 11 11 11 11 11 11 11 11 11 11 11 11 11 11 11 11 11 11 11 11 11 11 11 11 11 11 11 11 11 11 11 11 11 11 11 11 11 11 11 11 11 11 11 11 11 11 11 11 11 11 11 11 11 11 11 11 11 11 11 11 11 11 11 11 11 11 11 11 11 11 11 11 11 11 11 11 11 11 11 11 11 11 11 11 11 11 11 11 11 11 11 11 11 11 11 11 11 11 11 11 11 11 11 11 11 11 11 11 11 11 11 11 11 11 11 11 11 11 11 11 11 11 11 11 11 11 11 11 11 11 11 11 11 11 11 11 11 11 11 11 11 11 11 11 11 11 11 11 11 11 11 11 11 11 11 11 11 11 11 11 11 11 11 11 11 11 11 11 11 11 11 11 11 11 11 11 11 11 11 11 11 11 11 11 11 11 11 11 11 11 11 11 11 11 11 11 11 11 11 11 11 11 11 11 11 11 11 11 11 11 11 11 11 11 11 11 11 11 11 11 11 11 11 11 11 11 11 11 11 11 11 11 11 11 11 11 11 11 11 11 11 11 11 11 11 11 11 11 11 11 11 11 11 11 11 11 11 11 11 11 11 11 11 11 11 11 11 11 11 11 11 11 11 11 11 11 11 11 11 11 11 11 11 11 11 11 11 11 11 11 11 11 11 11 11 11 11 11 11 11 11 11 11 11 11 11 11 11 11 11 11 11 11 11 11 11 11 11 11 11 11 11 11 11 11 11 11 11 11 11 11 11 11 11 11 11 11 11 11 11 11 11 11 11 11 11 11 11 11 11 11 11 11 11 11 11 11 11 11 11 11 11 11 11 11 11 11 11 11 11 11 11 11 11 11 11 11 11 11 11 11 11 11 11 11 11 11 11 11 11 11 11 11 11 11 11 11 11 11 11 11 11 11 11 11 11 11 11 11 11 11 11 11 11 11 11 11 11 11 11 11 11 11 11 11 11 11 11 11 11 11 11 11 11 11 11 11 11 11 11 11 11 11 11 11 11 11 11 11 11 11 11 11 11 11 11 11 11 11 11 11 11 11 11 11 11 11 11 11 11 11 11 11 11 11 11 11 11 11 11 11 11 11 11 11 11 11 11 11 11 11 11 11 11 11 11 11 11 11 11 11 11 11 11 11 11 11 11 11 11 11 11 11 11 11 11 11 11 11 11 11 11 11 11 11 11 11 11 11 11 11 11 11 11 11 11 11 11 11 11 11 11 11 11 11 11 11 11 11 11 11 11 11 11 11 11 11 11 11 11 11 11 11 11 11 11 11 11 11 11 11 11 11 11 11 11 11 11 11 11 11 11 11 11 11 11 11 11 11 11 11 11 11 11 11 11 11 11 11 11 11 11 11 11 11 11 11 11 11 11 11 11 11 11 11 11 11 11 11 11 11 11 11 11 11 11 11 11 11 11 11 11 11 11 11 11 11 11 11 11 11 11 11 11 11 11 11 11 11 11 11 11 11 11 11 11 11 11 11 11 11 11 11 11 11 11 11 11 11 11 11 11 11 11 12 12 12 12 12 12 12 12 12 12 12 12 12 12 12 12 12 12 12 12 12 12 12 12 12 12 12 12 12 12 12 12 12 12 12 12 12 12 12 12 12 12 12 12 12 12 12 12 12 12 12 12 12 12 12 12 12 12 12 12 12 12 12 12 12 12 12 12 12 12 12 12 12 12 12 12 12 12 12 12 12 12 12 12 12 12 12 12 12 12 12 12 12 12 12 12 12 12 12 12 12 12 12 12 12 12 12 12 12 12 12 12 12 12 12 12 12 12 12 12 12 12 12 12 12 12 12 12 12 12 12 12 12 12 12 12 12 12 12 12 12 12 12 12 12 12 12 12 12 12 12 12 12 12 12 12 12 12 12 12 12 12 12 12 12 12 12 12 12 12 12 12 12 12 12 12 12 12 12 12 12 12 12 12 12 12 12 12 12 12 12 12 12 12 12 12 12 12 12 12 12 12 12 12 12 12 12 12 12 12 12 12 12 12 12 12 12 12 12 12 12 12 12 12 12 12 12 12 12 12 12 12 12 12 12 12 12 12 12 12 12 12 12 12 12 12 12 12 12 12 12 12 12 12 12 12 12 12 12 12 12 12 12 12 12 12 12 12 12 12 12 12 12 12 12 12 12 12 12 12 12 12 12 12 12 12 12 12 12 12 12 12 12 12 12 12 12 12 12 12 12 12 12 12 12 12 12 12 12 12 12 12 12 12 12 12 12 12 12 12 12 12 12 12 12 12 12 12 12 12 12 12 12 12 12 12 12 12 12 12 12 12 12 12 12 12 12 12 12 12 12 12 12 12 12 12 12 12 12 12 12 12 12 12 12 12 12 12 12 12 12 12 12 12 12 12 12 12 12 12 12 12 12 12 12 12 12 12 12 12 12 12 12 12 12 12 12 12 12 12 12 12 12 12 12 12 12 12 12 12 12 12 12 12 12 12 12 12 12 12 12 12 12 12 12 12 12 12 12 12 12 12 12 12 12 12 12 12 12 12 12 12 12 12 12 12 12 12 12 12 12 12 12 12 12 12 12 12 12 12 12 12 12 12 12 12 12 12 12 12 12 12 12 12 12 12 12 12 12 12 12 12 12 12 12 12 12 12 12 12 12 12 12 12 12 12 12 12 12 12 12 12 12 12 12 12 12 12 12 12 12 12 12 12 12 12 12 12 12 12 12 12 12 12 12 12 12 12 12 12 12 12 12 12 12 12 12 12 12 12 12 12 12 12 12 12 12 12 12 12 12 12 12 12 12 12 12 12 12 12 12 12 12 12 12 12 12 12 12 12 12 12 12 12 12 12 12 12 12 12 12 12 12 12 12 12 12 12 12 12 12 12 12 12 12 12 12 12 12 12 12 12 12 12 12 12 12 12 12 12 12 12 12 12 12 12 12 12 12 12 12 12 12 12 12 12 12 12 12 12 12 12 12 12 12 12 12 12 12 12 12 12 12 12 12 12 12 12 12 12 12 12 12 12 12 12 12 12 12 12 12 12 12 12 12 12 12 12 12 12 12 12 12 12 12 12 12 12 12 12 12 12 12 12 12 12 12 12 12 12 12 12 12 12 12 12 12 12 12 12 12 12 12 12 12 12 12 12 12 12 12 12 12 12 13 13 13 13 13 13 13 13 13 13 13 13 13 13 13 13 13 13 13 13 13 13 13 13 13 13 13 13 13 13 13 13 13 13 13 13 13 13 13 13 13 13 13 13 13 13 13 13 13 13 13 13 13 13 13 13 13 13 13 13 13 13 13 13 13 13 13 13 13 13 13 13 13 13 13 13 13 13 13 13 13 13 13 13 13 13 13 13 13 13 13 13 13 13 13 13 13 13 13 13 13 13 13 13 13 13 13 13 13 13 13 13 13 13 13 13 13 13 13 13 13 13 13 13 13 13 13 13 13 13 13 13 13 13 13 13 13 13 13 13 13 13 13 13 13 13 13 13 13 13 13 13 13 13 13 13 13 13 13 13 13 13 13 13 13 13 13 13 13 13 13 13 13 13 13 13 13 13 13 13 13 13 13 13 13 13 13 13 13 13 13 13 13 13 13 13 13 13 13 13 13 13 13 13 13 13 13 13 13 13 13 13 13 13 13 13 13 13 13 13 13 13 13 13 13 13 13 13 13 13 13 13 13 13 13 13 13 13 13 13 13 13 13 13 13 13 13 13 13 13 13 13 13 13 13 13 13 13 13 13 13 13 13 13 13 13 13 13 13 13 13 13 13 13 13 13 13 13 13 13 13 13 13 13 13 13 13 13 13 13 13 13 13 13 13 13 13 13 13 13 13 13 13 13 13 13 13 13 13 13 13 13 13 13 13 13 13 13 13 13 13 13 13 13 13 13 13 13 13 13 13 13 13 13 13 13 13 13 13 13 13 13 13 13 13 13 13 13 13 13 13 13 13 13 13 13 13 13 13 13 13 13 13 13 13 13 13 13 13 13 13 13 13 13 13 13 13 13 13 13 13 13 13 13 13 13 13 13 13 13 13 13 13 13 13 13 13 13 13 13 13 13 13 13 13 13 13 13 13 13 13 13 13 13 13 13 13 13 13 13 13 13 13 13 13 13 13 13 13 13 13 13 13 13 13 13 13 13 13 13 13 13 13 13 13 13 13 13 13 13 13 13 13 13 13 13 13 13 13 13 13 13 13 13 13 13 13 13 13 13 13 13 13 13 13 13 13 13 13 13 13 13 13 13 13 13 13 13 13 13 13 13 13 13 13 13 13 13 13 13 13 13 13 13 13 13 13 13 13 13 13 13 13 13 13 13 13 13 13 13 13 13 13 13 13 13 13 13 13 13 13 13 13 13 13 13 13 13 13 13 13 13 13 13 13 13 13 13 13 13 13 13 13 13 13 13 13 13 13 13 13 13 13 13 13 13 13 13 13 13 13 13 13 13 13 13 13 13 13 13 13 13 13 13 13 13 13 13 13 13 13 13 13 13 13 13 13 13 13 13 13 13 13 13 13 13 13 13 13 13 13 13 13 13 13 13 13 13 13 13 13 13 13 13 13 13 13 13 13 13 13 13 13 13 13 13 13 13 13 13 13 13 13 13 13 13 13 13 13 13 13 13 13 13 13 13 13 13 13 13 13 13 13 13 13 13 13 13 13 13 13 13 13 13 13 13 13 13 13 13 13 13 13 13 13 13 13 13 13 13 13 13 13 13 13 13 13 13 13 13 13 13 13 13 13 13 13 13 13 13 13 13 13 13 14 14 14 14 14 14 14 14 14 14 14 14 14 14 14 14 14 14 14 14 14 14 14 14 14 14 14 14 14 14 14 14 14 14 14 14 14 14 14 14 14 14 14 14 14 14 14 14 14 14 14 14 14 14 14 14 14 14 14 14 14 14 14 14 14 14 14 14 14 14 14 14 14 14 14 14 14 14 14 14 14 14 14 14 14 14 14 14 14 14 14 14 14 14 14 14 14 14 14 14 14 14 14 14 14 14 14 14 14 14 14 14 14 14 14 14 14 14 14 14 14 14 14 14 14 14 14 14 14 14 14 14 14 14 14 14 14 14 14 14 14 14 14 14 14 14 14 14 14 14 14 14 14 14 14 14 14 14 14 14 14 14 14 14 14 14 14 14 14 14 14 14 14 14 14 14 14 14 14 14 14 14 14 14 14 14 14 14 14 14 14 14 14 14 14 14 14 14 14 14 14 14 14 14 14 14 14 14 14 14 14 14 14 14 14 14 14 14 14 14 14 14 14 14 14 14 14 14 14 14 14 14 14 14 14 14 14 14 14 14 14 14 14 14 14 14 14 14 14 14 14 14 14 14 14 14 14 14 14 14 14 14 14 14 14 14 14 14 14 14 14 14 14 14 14 14 14 14 14 14 14 14 14 14 14 14 14 14 14 14 14 14 14 14 14 14 14 14 14 14 14 14 14 14 14 14 14 14 14 14 14 14 14 14 14 14 14 14 14 14 14 14 14 14 14 14 14 14 14 14 14 14 14 14 14 14 14 14 14 14 14 14 14 14 14 14 14 14 14 14 14 14 14 14 14 14 14 14 14 14 14 14 14 14 14 14 14 14 14 14 14 14 14 14 14 14 14 14 14 14 14 14 14 14 14 14 14 14 14 14 14 14 14 14 14 14 14 14 14 14 14 14 14 14 14 14 14 14 14 14 14 14 14 14 14 14 14 14 14 14 14 14 14 14 14 14 14 14 14 14 14 14 14 14 14 14 14 14 14 14 14 14 14 14 14 14 14 14 14 14 14 14 14 14 14 14 14 14 14 14 14 14 14 14 14 14 14 14 14 14 14 14 14 14 14 14 14 14 14 14 14 14 14 14 14 14 14 14 14 14 14 14 14 14 14 14 14 14 14 14 14 14 14 14 14 14 14 14 14 14 14 14 14 14 14 14 14 14 14 14 14 14 14 14 14 14 14 14 14 14 14 14 14 14 14 14 14 14 14 14 14 14 14 14 14 14 14 14 14 14 14 14 14 14 14 14 14 14 14 14 14 14 14 14 14 14 14 14 14 14 14 14 14 14 14 14 14 14 14 14 14 14 14 14 14 14 14 14 14 14 14 14 14 14 14 14 14 14 14 14 14 14 14 14 14 14 14 14 14 14 14 14 14 14 14 14 14 14 14 14 14 14 14 14 14 14 14 14 14 14 14 14 14 14 14 14 14 14 14 14 14 14 14 14 14 14 14 14 14 14 14 14 14 14 14 14 14 14 14 14 14 14 14 14 14 14 14 14 14 14 14 14 14 14 14 14 14 14 14 14 14 14 14 14 14 14 14 14 14 14 14 14 14 14 14 14 14 14 14 14 14 14 14 14 14 14 14 14 14 14 14 14 14 14,714 713 713 714 714 714 714 714 714 714 714 714 714 714,714 713 713 714 714 714 714 714 714 714 714 714 714 714,375.08609839999554,0.0269279706440093,0.0601710109523901,0.0631935551711889,-0.0625853938937244
yahoo,9995,10,5 9 8 8 1 10 10 10 9 10 9 7 5 2 9 6 3 6 1 8 9 1 8 2 7 5 6 8 10 10 1 6 8 3 6 6 5 7 9 3 9 10 9 7 6 10 1 6 1 8 10 10 6 10 3 6 7 8 5 4 5 8 3 3 9 5 9 9 6 6 3 7 1 4 7 10 9 7 5 1 10 5 3 8 9 5 9 9 2 2 9 2 6 9 10 6 5 6 9 8 4 7 3 3 7 8 4 8 8 6 9 1 3 5 5 6 9 1 2 5 7 9 9 5 4 10 3 10 10 9 10 7 4 3 4 9 9 9 1 9 8 9 4 9 8 8 6 10 10 9 9 3 7 2 1 4 7 3 8 2 6 5 7 6 7 4 9 9 4 7 9 3 7 2 5 5 1 7 8 8 7 1 1 9 7 9 2 6 1 9 2 8 4 8 7 10 9 10 2 5 7 8 4 2 5 7 1 5 4 5 7 7 3 1 2 7 2 5 10 8 4 2 3 6 2 5 1 9 4 6 9 8 2 10 5 4 7 10 4 7 2 9 8 9 4 1 9 4 2 8 10 10 7 10 7 7 6 6 9 4 7 4 5 8 2 6 6 10 5 3 5 1 1 7 3 2 5 1 7 5 4 10 9 1 9 9 6 2 6 3 6 10 8 7 1 5 4 4 10 10 10 1 1 7 7 10 9 7 1 8 1 10 2 10 8 10 9 4 6 9 6 1 6 10 7 5 4 10 3 7 9 1 7 9 6 6 5 8 6 3 5 7 4 2 10 9 7 6 5 7 5 5 10 7 4 6 7 4 6 4 4 7 8 8 5 5 3 8 9 8 10 6 3 1 5 6 5 4 5 10 3 7 7 5 9 8 1 7 10 9 8 8 4 8 10 4 1 5 5 4 2 10 7 6 4 4 9 2 7 5 10 2 9 10 5 7 3 1 7 1 10 2 6 4 8 4 5 9 9 10 4 4 6 4 6 2 5 8 6 6 6 5 10 5 4 4 4 8 6 1 4 7 2 3 3 5 10 3 4 6 6 4 7 10 3 9 10 10 6 10 7 9 4 2 9 10 10 4 3 5 5 7 8 7 9 1 8 3 7 6 4 8 10 10 7 2 4 3 7 2 6 1 6 8 4 3 8 5 4 3 6 8 10 5 4 4 9 2 5 4 4 2 7 4 10 6 4 1 7 2 6 8 7 2 4 6 6 4 8 4 5 3 8 2 10 3 8 10 5 8 3 9 7 4 8 4 7 7 7 8 1 7 10 1 5 8 6 10 10 10 7 2 5 1 4 6 5 6 9 7 2 4 8 2 8 5 1 9 3 10 5 8 6 10 4 7 10 1 5 8 4 2 7 2 1 8 10 3 1 9 8 3 3 2 4 5 5 7 6 1 10 4 5 5 8 4 9 3 6 8 2 2 10 10 9 3 3 4 7 5 6 2 4 7 10 7 10 10 1 5 7 7 1 3 4 7 8 2 9 7 2 4 6 8 1 6 3 10 2 10 5 9 6 4 6 4 10 1 8 9 2 4 4 4 8 1 6 6 7 9 6 6 7 3 9 7 9 9 2 8 8 6 9 3 5 8 6 10 2 1 7 6 5 1 6 4 10 9 3 8 4 9 7 9 4 5 3 9 8 3 2 10 8 5 3 2 4 9 8 2 10 8 10 1 3 10 6 8 3 8 3 2 6 2 8 4 6 6 3 7 1 7 9 6 7 9 6 4 1 1 1 5 3 10 3 10 7 8 2 3 4 6 9 4 7 7 9 4 3 8 2 10 9 10 5 9 9 6 5 2 4 3 9 8 7 4 5 3 7 3 6 8 9 7 7 9 7 3 4 8 10 8 4 8 10 8 3 9 7 3 4 3 10 8 1 1 9 9 2 4 3 4 6 5 4 6 10 3 4 2 5 9 2 4 9 4 10 1 8 4 6 6 10 5 5 1 6 2 8 5 10 8 3 8 5 9 8 9 6 6 9 1 9 2 2 3 5 9 8 5 1 6 8 9 7 1 3 6 8 6 7 3 10 6 8 6 4 1 7 2 8 9 1 6 1 9 2 7 3 2 5 6 4 2 4 9 6 5 5 1 7 2 5 9 1 3 7 5 9 7 1 1 8 5 8 9 10 7 3 4 3 3 8 7 4 5 1 3 4 3 9 6 10 6 6 1 8 10 7 2 4 1 4 7 7 4 6 6 10 7 8 2 5 7 8 8 4 4 8 3 10 7 3 9 1 8 4 9 7 2 6 8 9 3 9 9 3 3 2 3 9 6 7 4 7 10 3 2 4 6 7 7 10 8 4 8 4 7 9 7 9 7 5 3 3 5 10 6 5 2 6 6 3 1 4 3 3 10 5 9 2 9 2 9 9 6 6 7 10 2 6 1 7 2 1 9 3 3 1 3 8 8 6 8 10 2 2 6 5 4 9 1 7 9 3 8 3 9 8 1 3 3 4 2 5 7 5 6 2 1 2 3 1 7 9 5 10 2 7 3 6 6 5 5 9 7 1 9 8 8 5 8 5 1 7 5 6 4 3 6 3 1 4 1 9 8 8 4 2 6 8 7 5 4 8 8 9 7 6 3 4 5 6 3 9 3 10 5 3 6 1 6 10 3 10 7 4 4 4 1 10 10 5 9 4 3 5 5 1 6 8 6 8 3 9 10 1 9 8 3 3 10 7 10 6 6 5 10 10 9 1 10 2 10 9 7 5 7 9 8 8 3 2 9 4 2 10 9 4 10 10 2 6 9 2 8 10 7 6 8 4 6 1 6 2 1 10 9 5 10 2 5 4 9 3 5 7 7 6 3 10 10 1 3 1 8 3 6 7 7 10 6 5 8 3 4 4 8 7 6 8 9 8 8 3 9 3 3 9 7 5 9 7 1 8 4 1 2 2 3 2 8 10 10 3 8 6 9 7 6 10 7 6 1 4 3 10 1 1 5 8 1 6 1 4 1 3 8 3 5 3 2 4 7 1 7 4 3 3 4 2 8 4 7 4 1 10 2 7 9 9 7 4 5 4 3 2 8 3 10 4 1 1 3 9 5 6 9 6 9 3 6 4 9 6 5 1 3 7 10 1 5 10 6 5 7 8 2 2 1 5 10 3 4 8 7 9 10 3 4 9 1 7 9 4 3 7 7 4 3 8 10 8 8 8 5 3 9 4 8 6 10 2 5 2 9 8 10 1 4 1 6 10 10 9 4 5 9 10 9 4 8 3 10 9 7 7 1 5 3 1 7 1 10 10 8 8 4 5 7 6 3 4 8 7 3 2 3 9 8 2 6 4 10 3 7 7 7 1 8 8 4 10 2 6 2 3 5 9 10 5 6 10 10 8 3 6 5 6 6 8 7 10 10 1 1 2 8 1 9 8 2 4 4 8 3 3 9 5 6 7 6 6 1 7 3 9 3 7 7 7 2 1 10 7 3 9 3 7 2 6 8 7 10 9 3 1 6 5 3 10 8 10 3 4 5 10 9 4 5 1 9 10 2 4 7 6 5 3 10 10 8 8 10 9 10 3 2 2 8 10 1 2 8 4 3 1 5 8 2 4 5 7 3 9 6 1 4 5 8 8 5 3 9 5 1 1 2 3 5 1 6 6 5 5 6 4 8 4 1 3 9 7 6 8 4 1 8 10 7 10 6 5 1 9 10 5 6 5 4 1 10 6 7 3 5 9 3 2 2 2 5 3 8 7 4 2 4 10 5 9 9 3 9 2 1 6 1 5 2 6 6 1 3 7 2 8 3 3 7 2 1 3 7 1 9 9 10 5 8 9 1 9 1 4 1 9 1 6 4 9 3 1 1 6 2 10 7 1 1 8 2 4 9 9 10 3 8 8 5 5 2 1 8 9 1 1 3 1 3 7 8 9 9 5 1 5 4 5 3 10 8 5 8 5 6 1 8 4 8 7 2 6 10 8 7 8 10 6 2 6 8 8 1 1 1 10 7 4 9 3 10 3 10 4 6 8 10 8 8 2 4 6 2 3 2 9 9 3 10 3 7 9 6 6 5 5 4 1 5 4 1 1 6 4 8 1 8 2 5 6 4 6 10 2 6 8 9 3 2 1 2 3 3 8 5 4 8 8 3 5 4 8 5 3 2 1 6 7 6 4 10 4 6 9 9 3 4 4 6 7 1 7 2 7 3 8 4 5 3 5 4 10 4 8 1 8 7 6 1 4 6 6 2 8 1 5 9 4 3 9 3 9 1 3 4 9 4 7 5 3 8 3 7 5 6 10 9 3 4 4 9 3 10 7 10 3 7 8 7 6 10 7 1 2 8 2 1 7 6 9 8 2 8 3 4 5 10 1 5 7 10 6 10 3 9 10 8 10 3 10 6 9 4 1 6 4 4 2 2 10 3 3 5 1 9 7 1 9 3 7 3 6 4 3 9 2 10 8 3 3 1 1 2 9 8 8 2 9 2 10 10 10 1 3 7 9 2 10 5 6 6 9 3 9 9 1 2 7 10 5 2 9 1 9 2 8 10 3 3 2 8 3 6 10 7 8 2 8 10 1 9 9 4 3 6 3 1 8 2 6 2 6 3 2 3 8 8 5 5 6 1 2 1 2 1 9 2 9 6 10 9 7 3 6 1 7 5 1 2 10 10 2 5 5 8 4 8 3 5 5 6 6 1 4 9 8 8 4 10 2 10 10 9 2 9 9 6 10 9 6 9 3 7 1 2 9 10 9 5 7 10 2 7 5 4 9 3 5 3 5 8 9 3 10 6 4 6 7 9 9 7 3 5 6 5 7 4 3 2 6 6 6 1 2 2 4 7 4 1 4 9 8 7 10 9 1 6 5 5 2 9 2 9 4 1 1 7 5 4 5 9 7 10 6 10 10 8 5 1 2 1 9 1 1 1 1 10 3 9 10 5 10 10 7 8 1 1 7 2 3 2 3 10 6 9 2 7 7 10 9 4 1 10 3 8 3 1 8 4 6 7 10 1 5 3 5 4 7 3 4 7 9 7 3 5 1 10 3 4 10 5 4 3 9 2 1 5 10 3 10 7 7 1 7 8 9 1 8 4 4 6 7 4 9 10 4 9 4 10 10 10 1 9 3 3 10 2 8 10 1 2 3 2 3 6 3 6 6 7 1 7 6 8 7 10 4 6 6 3 7 5 7 2 7 8 9 4 10 10 4 9 7 4 2 7 3 8 5 9 7 9 2 5 2 7 10 3 3 7 9 1 10 6 1 1 5 3 1 10 5 3 9 4 8 6 6 1 8 1 10 8 10 10 10 3 3 5 8 7 5 3 10 7 9 5 8 3 5 2 10 4 9 8 3 10 5 6 8 5 4 10 8 5 2 7 3 3 8 3 4 7 7 3 9 1 5 7 10 8 8 4 5 6 2 2 6 9 2 5 9 6 4 7 5 3 7 2 8 8 1 6 7 6 10 7 4 8 7 4 10 9 2 4 8 10 1 10 8 1 1 5 5 7 5 7 5 6 6 2 9 3 10 10 2 3 4 3 4 9 10 7 6 9 1 4 8 9 9 9 8 5 3 6 3 1 5 9 6 1 8 6 7 3 2 10 3 6 3 5 6 3 1 10 8 8 7 8 2 10 6 9 4 8 7 10 5 5 5 2 8 8 5 1 7 2 3 2 3 5 6 6 9 2 10 9 9 1 5 10 5 9 7 5 3 5 10 7 1 8 1 9 10 2 8 4 6 7 6 7 1 10 4 6 1 4 8 9 8 7 8 1 6 3 10 4 10 4 2 9 2 8 2 9 3 5 1 10 2 10 3 9 6 9 10 9 8 5 6 7 3 7 7 3 8 10 2 1 3 3 10 9 1 3 2 8 1 8 3 10 3 1 3 1 6 1 2 7 1 10 3 4 4 6 2 3 7 2 9 3 8 9 7 8 7 9 2 5 9 3 9 1 9 7 10 10 1 5 2 1 2 4 1 8 8 2 5 7 7 7 2 1 8 2 5 7 10 6 10 6 1 1 2 9 7 8 7 7 1 4 1 9 5 2 2 5 1 9 7 8 7 5 5 3 3 5 10 1 9 2 1 2 2 5 1 10 5 6 6 2 6 6 6 4 10 5 9 3 10 1 2 1 7 2 5 2 1 3 7 1 5 1 6 5 9 8 3 4 8 4 7 2 2 10 8 9 10 6 9 8 6 10 3 8 8 5 2 2 6 5 2 4 1 3 4 4 4 1 6 1 1 5 3 2 5 6 4 6 1 2 7 3 3 4 9 8 6 6 3 9 5 1 7 3 10 4 4 1 9 6 8 4 2 4 10 2 7 1 8 1 3 5 4 7 2 10 7 1 5 7 3 2 5 2 2 5 2 2 8 2 7 5 7 2 3 9 9 1 9 9 7 1 8 2 7 8 7 7 7 3 8 5 8 5 7 4 5 7 10 5 1 9 3 6 7 10 4 9 2 3 4 8 8 7 9 8 7 7 8 6 9 6 7 8 3 4 10 3 7 9 4 3 4 1 4 6 5 3 8 10 10 3 7 5 7 7 10 4 2 1 8 9 2 1 4 9 8 6 8 1 2 5 9 9 3 3 9 1 6 3 8 10 4 9 6 10 3 10 3 8 3 10 6 8 1 2 1 10 10 1 1 6 2 8 7 5 7 10 4 1 10 9 5 9 6 3 4 10 10 10 6 8 5 10 9 9 9 1 6 4 7 9 1 3 3 1 9 2 10 1 3 10 7 3 3 5 6 1 2 7 2 5 6 2 1 5 5 2 2 4 6 9 5 10 5 5 10 8 8 8 4 4 9 9 5 7 4 2 1 10 4 7 3 10 9 1 9 9 7 7 4 2 9 7 3 4 10 10 6 9 5 6 6 10 7 9 2 4 1 9 4 6 10 1 6 3 4 4 7 5 10 9 4 2 1 5 9 5 4 7 4 4 5 7 6 4 4 2 8 4 10 8 9 1 3 9 1 10 6 8 6 2 8 5 7 6 3 3 9 3 9 5 5 9 1 3 6 7 2 9 1 10 9 7 8 1 4 3 9 5 2 10 5 3 2 7 7 9 6 9 5 8 9 2 2 7 5 7 9 7 4 1 1 9 2 1 5 10 9 6 10 9 1 5 9 4 3 6 3 2 4 2 5 9 1 3 3 3 8 6 1 7 8 6 2 8 3 9 7 10 4 6 6 9 3 5 9 10 10 7 4 1 10 7 8 7 4 5 6 6 1 3 8 4 7 2 9 4 3 5 5 9 7 10 2 7 6 9 9 8 9 2 5 3 4 9 6 7 9 9 5 8 7 5 9 8 1 10 1 1 8 6 4 6 8 7 2 1 9 7 3 1 3 6 8 7 6 3 8 8 2 9 10 3 3 9 6 5 1 4 9 1 1 10 7 5 9 4 5 4 4 5 5 7 2 8 1 4 1 8 2 9 6 1 5 2 4 6 3 9 9 9 5 10 4 6 1 2 7 8 1 6 8 3 2 6 9 3 10 1 3 5 3 2 7 8 8 3 4 2 10 3 6 1 2 5 1 8 1 5 2 10 8 2 7 5 6 7 10 10 8 1 6 1 1 2 6 5 3 6 9 3 7 6 2 9 3 6 4 6 3 1 3 3 3 3 6 5 10 5 4 6 4 1 1 4 7 5 1 10 2 5 3 1 5 9 3 5 3 7 4 3 6 2 2 2 2 3 5 1 5 8 6 7 5 6 2 6 3 3 1 4 1 4 5 5 4 2 4 10 9 3 3 9 6 4 8 8 1 2 5 7 2 9 3 6 8 9 1 7 6 7 3 4 7 10 9 4 8 7 1 10 3 1 5 3 9 1 1 3 5 4 1 10 7 4 4 8 2 10 7 5 9 5 1 9 2 3 1 5 5 8 1 4 5 3 4 10 2 5 10 5 7 5 4 5 10 8 4 3 6 6 3 1 10 10 9 4 10 4 6 6 9 4 7 2 3 7 9 7 5 1 10 7 5 4 6 8 7 1 2 7 3 5 3 5 4 3 2 9 5 2 5 10 2 4 2 4 10 7 8 2 8 5 9 1 4 9 5 7 5 2 7 1 9 6 5 4 5 1 5 9 8 4 7 3 2 2 7 3 1 6 2 9 2 9 4 4 7 8 4 5 3 4 2 7 5 10 5 3 9 7 2 8 9 3 8 7 5 8 6 10 8 8 8 5 6 3 8 8 4 3 2 6 8 7 10 1 6 9 9 10 8 6 3 7 7 4 3 5 10 7 4 2 1 9 8 5 8 9 1 1 3 6 5 1 2 8 8 3 10 8 8 1 2 2 10 10 5 3 8 3 4 10 5 3 1 5 4 2 8 6 7 7 1 9 8 6 10 9 10 3 10 8 8 2 7 8 8 3 2 1 8 2 10 7 1 9 5 1 6 5 7 8 5 1 8 4 4 4 2 7 1 1 3 3 5 1 2 9 2 5 1 4 7 3 2 2 2 1 1 2 1 1 8 7 10 5 2 10 6 1 10 8 2 8 4 2 8 10 7 5 1 7 3 6 8 1 6 6 2 2 6 7 3 1 10 3 1 8 9 9 3 3 7 3 3 9 8 2 1 4 4 4 2 8 3 6 3 8 2 6 2 9 7 10 9 4 4 7 2 9 2 8 10 4 6 7 7 8 1 1 10 2 7 9 7 3 7 8 9 5 3 8 5 4 3 10 1 9 8 10 8 10 4 2 3 5 2 4 2 1 1 1 4 4 5 8 7 10 6 9 7 6 2 4 8 7 5 2 9 8 2 3 8 7 8 8 6 8 4 9 6 3 10 3 3 4 8 2 8 5 3 6 9 4 7 4 7 4 2 1 6 9 9 5 1 4 5 9 1 2 4 2 2 9 5 5 10 1 2 6 3 7 8 7 5 4 10 3 4 9 7 10 2 2 3 4 2 6 4 9 4 6 2 8 3 9 2 9 2 7 4 1 10 2 1 9 2 9 3 4 3 8 2 4 7 2 7 10 1 5 4 6 8 7 1 3 7 1 5 1 5 3 10 8 8 4 5 3 3 2 4 6 9 3 5 6 5 2 1 10 1 1 4 4 1 9 4 7 3 1 6 5 9 9 3 10 5 4 5 7 10 10 6 8 5 8 7 3 2 8 4 10 2 1 8 2 10 7 7 3 3 3 4 3 4 1 7 1 1 10 2 9 7 2 3 6 2 8 7 4 10 4 6 4 1 5 3 6 8 1 2 3 4 5 3 3 7 7 8 5 1 7 4 5 6 4 2 8 5 9 6 5 8 3 5 4 2 8 1 9 7 4 4 1 7 5 10 2 9 10 5 1 2 5 9 4 3 9 6 2 5 2 1 7 8 6 2 10 3 4 6 8 7 4 6 4 2 2 8 1 1 8 9 4 2 6 9 10 6 1 1 1 5 8 4 10 7 7 2 9 4 10 8 7 8 5 9 3 8 9 3 8 10 1 10 9 2 4 3 7 1 10 7 6 5 3 1 9 4 9 4 2 7 2 5 3 8 9 5 10 5 8 1 1 3 5 1 10 2 1 2 6 9 4 8 8 8 7 4 5 1 8 5 5 1 9 4 1 7 10 10 9 3 4 6 6 4 5 3 9 4 8 4 4 3 7 10 2 6 5 5 7 1 2 9 1 7 1 2 3 6 8 6 7 8 3 5 9 9 2 10 6 8 9 4 9 10 5 5 4 10 5 7 8 9 7 3 1 2 1 10 2 9 6 6 10 1 7 1 3 3 3 8 9 4 3 9 10 2 10 3 9 9 9 6 6 6 2 5 3 2 8 1 4 5 10 10 9 7 7 1 4 7 2 8 2 4 2 3 5 2 6 8 2 1 2 2 7 5 10 3 9 6 2 6 1 8 9 9 6 7 1 6 5 10 5 1 4 7 9 6 7 3 8 6 8 6 4 7 3 6 6 2 2 3 1 1 9 10 9 3 3 1 10 9 8 8 5 5 8 8 4 1 10 9 1 7 10 1 10 6 7 9 3 1 2 9 8 10 8 3 6 6 3 10 10 3 7 9 1 7 8 1 2 1 6 7 9 8 2 2 2 6 7 5 9 2 5 2 2 1 3 2 4 1 2 5 10 6 5 8 4 6 8 6 8 2 6 10 2 9 8 9 4 7 4 3 2 2 2 1 2 3 3 9 3 9 6 10 2 6 3 10 1 6 9 5 4 2 1 7 9 3 9 4 2 2 1 3 6 5 4 2 1 3 3 1 9 5 3 3 9 1 1 10 3 1 7 1 5 1 7 7 7 9 1 4 3 8 10 1 5 3 4 9 1 8 3 5 9 8 3 5 10 3 9 9 5 7 5 8 9 3 6 7 8 6 8 3 4 7 5 7 10 5 10 6 6 6 2 5 2 5 5 1 1 8 5 9 4 9 3 4 2 2 5 10 7 6 1 4 2 1 3 1 5 2 1 10 8 1 5 4 10 4 6 1 2 8 5 8 7 6 6 3 7 6 6 3 2 1 2 7 4 2 5 4 6 2 6 5 3 9 6 6 8 5 5 1 5 5 2 7 8 2 10 1 2 3 10 6 7 5 5 3 2 8 6 5 10 1 4 6 7 6 10 7 6 8 3 7 9 2 5 1 3 3 4 5 7 10 10 3 6 5 2 9 3 3 1 3 6 10 5 7 5 2 6 5 5 2 6 4 5 2 10 7 4 3 5 4 3 8 3 8 2 4 4 9 5 7 8 8 5 4 5 5 4 7 10 5 5 7 8 8 2 2 10 6 6 3 1 8 8 2 8 7 7 4 3 1 10 7 1 5 8 5 5 5 7 7 1 5 1 7 9 2 1 1 10 4 10 5 2 2 1 7 8 9 9 7 1 3 3 4 2 9 4 9 5 3 10 1 8 8 5 3 6 9 3 7 2 1 6 8 8 3 4 6 3 4 6 5 8 9 8 4 8 1 1 3 9 7 3 10 9 9 5 1 7 4 5 9 2 9 1 7 9 4 1 2 6 10 7 5 7 5 9 7 4 8 8 10 8 1 5 8 7 2 8 1 6 1 5 3 6 2 9 5 5 6 2 9 8 4 3 5 1 10 10 5 10 3 3 4 4 3 4 3 1 10 7 7 9 10 2 9 5 6 7 9 4 5 3 8 1 4 6 7 4 2 7 6 9 3 10 3 10 5 3 7 5 2 10 3 4 8 5 5 5 6 9 3 9 3 7 3 6 2 5 7 9 4 10 8 9 9 4 7 4 4 1 3 7 5 10 10 5 8 2 10 8 10 2 7 1 3 10 1 5 1 9 10 7 3 4 5 1 3 4 8 1 5 2 6 6 7 9 2 3 3 4 10 4 4 5 1 10 9 2 3 3 1 4 4 3 8 7 8 10 7 9 10 1 7 6 10 2 9 2 7 3 3 8 3 10 2 9 5 2 8 5 3 7 2 7 3 6 8 8 4 5 1 10 1 2 5 2 7 5 5 6 3 10 8 1 8 2 10 9 7 8 7 2 2 2 6 10 8 1 3 6 4 1 9 9 6 7 7 1 6 10 3 9 4 2 6 1 6 4 4 7 3 2 9 2 8 1 1 7 9 2 5 1 9 1 8 5 6 3 1 7 4 6 3 1 7 1 9 3 10 1 9 5 4 8 7 6 2 1 8 2 10 4 4 2 1 6 5 4 10 2 2 9 10 5 5 4 8 9 2 2 7 9 1 5 4 3 3 1 7 1 8 1 2 6 1 5 3 10 9 10 5 10 9 9 2 1 2 9 3 8 7 9 4 2 5 10 4 3 1 4 4 6 6 4 10 7 3 10 7 9 6 6 4 4 7 8 4 9 5 2 6 4 5 9 10 2 9 9 6 6 6 7 1 8 7 5 8 2 7 4 2 6 3 3 7 7 7 1 7 2 8 3 4 1 4 6 1 5 9 1 5 9 5 2 4 5 3 6 4 9 4 1 4 5 6 5 2 5 9 4 6 7 1 3 4 9 3 4 5 9 3 9 2 5 2 5 8 2 8 7 9 2 8 6 10 10 4 10 6 10 3 10 4 3 1 10 7 5 7 1 1 5 4 4 1 10 8 7 4 6 6 8 8 5 7 10 9 5 7 3 2 2 3 1 1 6 6 8 7 7 1 8 5 4 1 10 7 9 7 9 2 8 1 7 1 5 6 2 8 4 10 2 7 8 9 1 6 10 2 6 3 4 10 4 10 4 10 6 7 1 2 6 6 9 5 1 5 7 8 1 7 1 7 4 5 7 7 5 2 8 10 1 8 9 7 10 10 3 10 9 8 6 2 10 8 1 5 6 2 5 10 9 5 3 1 1 3 10 7 9 9 8 9 2 8 5 6 8 8 6 7 6 2 10 10 5 8 2 6 2 6 2 10 7 6 8 3 5 3 10 7 6 9 2 8 1 8 7 8 6 1 10 7 10 3 9 9 10 10 4 2 1 8 8 3 4 7 2 7 8 6 6 4 1 1 8 8 6 7 8 10 6 10 5 1 8 2 10 7 2 3 10 8 3 7 2 9 5 9 5 8 6 9 10 3 4 10 2 5 3 5 7 8 3 2 4 5 7 9 5 8 10 5 6 4 1 10 5 10 10 6 2 5 3 4 10 6 5 5 10 8 5 3 5 3 2 9 10 3 5 7 1 8 9 8 6 9 3 2 2 6 2 9 4 1 3 3 10 4 7 3 1 9 4 4 4 2 7 4 3 8 2 6 5 8 9 8 6 2 5 2 3 10 6 4 8 2 1 2 2 2 8 10 2 10 1 3 9 9 5 6 8 2 8 4 7 8 9 7 7 1 6 5 1 1 7 6 2 7 10 2 9 7 8 3 3 8 5 5 8 1 7 1 3 5 4 7 7 9 4 4 1 9 7 2 10 6 9 4 2 2 4 2 3 5 1 7 10 6 7 7 2 10 9 7 4 5 8 10 8 7 1 4 1 7 7 2 2 2 1 6 10 9 1 2 1 8 3 8 9 5 4 4 5 6 5 2 10 9 3 8 8 10 4 10 4 4 10 8 2 5 8 8 5 6 1 4 4 3 2 6 4 9 7 9 7 4 3 9 3 6 3 8 8 5 6 8 3 4 6 9 4 5 6 7 10 8 4 6 7 2 7 4 8 1 6 1 4 5 2 10 5 6 3 1 3 10 8 3 3 9 5 3 10 7 8 4 4 7 4 3 6 1 7 5 5 9 7 1 5 7 2 1 4 6 1 4 5 1 5 8 4 9 7 4 7 4 4 2 8 1 4 1 8 1 3 4 6 5 1 3 3 3 8 10 8 4 10 2 5 9 1 9 6 7 4 10 5 10 9 9 9 10 10 2 4 8 5 7 5 5 6 1 4 9 2 2 2 5 6 7 10 10 4 3 1 8 8 7 8 8 10 6 5 9 5 9 7 7 5 2 8 1 1 2 8 10 3 8 9 6 3 10 1 8 4 8 2 4 8 4 1 1 7 6 2 3 8 10 1 2 5 7 2 2 2 4 1 6 4 7 7 6 10 5 2 2 9 6 7 5 7 5 8 2 4 3 7 2 3 7 6 10 9 2 7 5 8 5 2 10 6 1 4 7 6 10 6 7 6 10 6 4 4 9 5 6 4 10 1 2 1 6 6 3 10 10 4 4 10 7 4 3 1 2 5 9 3 4 8 1 4 8 5 3 2 7 10 2 2 4 6 8 2 9 3 5 2 4 8 1 5 6 4 9 1 4 1 8 2 5 3 6 7 2 10 10 9 9 10 3 1 9 1 9 10 8 7 9 5 1 5 10 6 4 9 3 1 3 1 1 10 9 3 10 8 5 3 5 3 8 2 7 8 2 10 6 9 10 4 4 7 7 3 3 2 7 2 8 2 9 4 6 8 1 8 4 2 5 8 10 1 10 1 10 8 6 7 7 1 10 3 5 5 4 4 3 1 8 5 5 9 10 4 1 2 3 1 4 10 6 10 10 6 6 1 10 6 2 10 4 6 5 7 8 10 6 9 9 8 1 3 1 7 2 10 3 7 6 8 4 6 1 6 10 6 6 3 7 3 8 9 2 7 3 2 10 9 8 9 2 4 10 10 2 7 3 1 1 1 1 1 5 3 5 6 6 6 8 10 4 5 6 6 7 7 10 8 5 8 2 6 6 5 7 6 4 10 6 2 1 10 3 5 7 1 5 8 4 1 7 5 10 2 10 1 2 6 3 10 8 7 3 5 7 4 8 5 9 6 9 8 9 2 10 2 9 1 9 7 2 9 3 5 3 2 6 4 7 7 3 3 6 5 5 10 2 9 10 1 2 5 4 10 7 2 5 3 4 10 6 4 10 7 9 1 1 2 2 9 9 6 3 9 2 10 10 6 10 5 8 10 9 7 10 10 7 2 5 8 5 2 8 6 6 5 1 3 8 1 1 7 9 4 6 3 6 6 10 9 7 9 3 8 2 3 7 1 6 4 6 3 10 8 10 7 5 2 8 6 4 4 8 1 6 6 1 1 5 2 2 3 9 7 6 2 10 5 8 10 10 5 2 5 8 5 4 10 2 2 8 1 8 8 9 4 3 10 3 3 10 3 8 7 8 7 3 4 10 5 5 8 1 7 2 3 7 9 10 2 9 8 5 10 7 1 8 3 1 6 4 1 9 6 4 3 1 9 3 7 8 10 6 3 6 7 9 5 3 1 9 6 7 8 2 4 8 9 2 9 4 3 5 7 4 2 4 9 4 9 5 5 7 9 10 4 5 3 7 10 6 5 10 9 5 9 6 3 7 5 4 5 6 3 2 9 7 4 4 10 5 10 10 9 8 7 5 4 10 1 6 9 5 6 1 7 8 7 3 2 6 5 5 8 9 9 8 5 9 6 10 1 6 7 2 7 2 3 1 7 7 9 8 8 3 2 10 5 4 2 10 2 10 8 9 1 6 9 5 5 3 8 1 2 5 3 6 3 2 6 5 6 8 7 7 1 8 3 3 1 3 3 3 9 10 8 4 7 10 1 7 8 10 8 10 8 7 8 3 3 4 9 6 1 1 6 7 3 8 3 5 2 9 5 8 6 8 3 7 2 4 9 5 6 7 4 1 8 2 5 2 5 5 1 4 4 8 6 10 7 2 10 6 7 6 7 1 6 10 5 3 2 1 9 8 6 9 10 4 2 1 6 4 4 9 10 3 5 1 8 6 3 9 8 3 7 3 3 8 1 9 6 8 9 10 9 5 1 6 5 1 3 5 7 5 8 7 9 9 5 4 8 2 6 7 9 9 8 1 3 4 5 3 10 10 6 9 10 2 9 10 10 4 4 9 6 5 5 3 10 6 8 10 3 3 9 1 5 6 8 7 8 5 8 6 2 7 2 8 5 3 6 1 3 10 10 1 2 1 7 6 9 8 4 8 8 3 8 7 6 7 1 5 9 10 2 9 5 7 1 6 5 6 9 1 7 7 1 8 1 1 10 6 8 5 6 2 10 5 8 3 7 4 9 2 8 9 4 4 8 4 7 6 1 3 7 5 7 5 9 9 1 1 8 10 2 9 3 4 6 6 7 3 8 4 2 3 3 10 9 10 8 2 7 8 9 6 7 7 5 1 8 3 1 4 9 10 4 6 5 10 1 2 3 7 9 10 7 3 4 8 4 8 4 2 8 7 5 8 8 4 5 4 4 2 10 7 9 2 2 3 3 3 9 6 10 7 2 4 5 7 2 8 5 4 10 2 1 5 10 1 4 10 5 10 5 8 10 5 9 8 1 10 2 6 7 9 1 4 6 7 8 9 8 10 5 8 10 5 9 9 2 1 7 7 2 6 9 10 9 1 4 3 2 4 2 1 1 3 8 7 4 4 8 10 4 6 6 6 2 6 9 7 2 8 7 10 10 2 9 10 4 8 6 1 5 6 1 10 1 3 8 7 3 9 4 9 8 2 3 5 3 5 3 5 8 3 1 4 4 2 1 6 4 6 10 9 4 10 9 6 3 3 4 4 6 5 1 4 8 8 1 5 2 4 8 9 2 7 2 4 3 4 10 8 5 5 10 2 10 2 1 7 7 4 3 3 2 10 2 5 5 9 8 4 3 2 6 4 7 6 6 5 10 5 7 2 4 2 3 4 2 5 9 10 9 9 2 4 6 7 3 7 1 6 5 1 4 9 2 4 4 6 3 8 4 9 10 1 6 6 1 6 1 9 3 1 8 1 1 5 6 5 9 6 5 5 6 2 7 6 10 8 8 4 9 10 7 5 10 10 2 4 5 3 7 1 2 10 10 1 10 4 8 7 8 9 2 8 7 6 10 5 8 1 4 7 6 1 10 2 1 5 2 10 1 8 2 7 7 2 1 9 4 3 5 6 9 7 2 7 5 2 9 1 6 3 10 9 10 3 9 6 6 9 1 3 7 2 1 5 9 1 5 6 10 9 9 2 6 1 3 10 10 5 4 8 5 9 10 4 7 4 10 6 6 7 6 9 10 7 10 10 6 3 2 10 3 9 10 1 9 2 3 5 4 10 3 1 7 4 2 9 8 3 3 7 5 10 4 6 9 4 5 9 7 7 2 2 7 7 7 6 7 9 1 10 1 3 2 9 4 9 8 2 4 2 5 7 6 4 2 10 4 10 4 9 5 8 9 9 1 1 1 5 9 5 4 1 6 2 10 2 6 3 2 5 6 9 3 2 6 10 3 3 10 2 7 9 9 4 10 1 5 1 4 5 10 1 4 1 2 2 7 1 3 6 3 8 4 6 8 1 5 3 8 2 2 6 4 2 2 5 2 9 1 10 8 2 7 8 5 5 3 2 3 8 4 4 6 10 6 8 10 2 10 10 9 5 10 3 6 7 9 6 10 8 5 8 10 7 6 9 6 7 9 10 1 6 3 3 4 3 8 5 10 6 2 1 10 9 4 5 1 9 8 10 7 3 4 8 5 1 4 3 8 1 9 10 6 2 9 8 2 4 7 4 4 1 2 5 5 10 6 1 4 6 5 4 10 5 10 1 9 10 1 8 2 9 8 6 10 10 6 10 2 8 3 4 7 1 1 10 1 7 3 3 1 3 2 10 8 6 1 8 6 8 5 2 6 7 8 10 6 6 10 4 7 1 8 10 4 8 10 2 1 6 2 9 10 6 1 1 3 1 7 8 9 8 4 6 1 7 3 4 6 10 5 8 5 5 6 4 8 4 2 1 7 4 3 8 9 2 5 3 2 2 10 1 9 7 9 1 4 5 6 7 1 2 4 3 3 3 3 6 6 1 10 6 9 3 1 1 2 4 7 10 3 1 9 10 9 4 10 4 9 5 1 4 1 9 4 8 4 2 8 4 8 7 1 6 3 8 4 1 7 5 3 7 5 6 3 5 2 4 8 8 10 3 10 7 5 6 1 6 5 7 6 2 3 8 1 2 4 4 10 7 8 2 8 8 2 2 10 5 6 2 9 2 6 9 10 7 5 4 10 2 9 7 6 2 10 8 8 10 7 1 2 3 8 5 2 9 5 1 6 8 4 2 10 7 9 8 7 9 10 3 4 3 1 10 1 9 7 6 3 9 3 1 7 10 8 1 4 1 6 2 3 10 1 8 6 10 4 9 2 2 5 8 4 5 9 10 2 5 2 10 9 6 1 2 4 2 10 7 7 2 2 6 9 3 6 9 8 10 2 2 3 3 8 10 5 9 5 3 3 8 8 9 6 3 4 5 6 6 4 10 5 7 6 6 1 7 6 7 8 9 1 6 3 1 9 9 9 1 2 7 5 8 1 1 7 10 9 4 6 2 4 6 8 9 10 5 1 4 6 9 9 6 7 6 8 4 7 4 3 5 5 10 4 8 6 6 6 3 5 8 5 7 3 10 4 8 6 7 7 5 3 8 3 4 8 2 4 10 6 8 10 2 3 3 5 3 3 1 6 7 5 6 4 4 5 4 3 3 5 2 4 2 7 8 6 9 6 7 9 2 3 4 7 5 6 3 4 4 10 10 9 6 7 10 8 1 10 6 2 3 10 4 8 7 1 1 3 8 4 9 2 6 8 1 4 2 8 2 10 1 7 10 2 6 2 7 4 8 1 9 2 10 3 10 8 6 2 9 8 4 8 10 5 5 1 3 8 8 5 2 6 1 8 7 9 5 6 7 3 10 4 7 3 3 1 1 2 8 1 10 2 7 10 6 6 6 3 1 10 10 8 2 10 5 5 4 10 2 10 10 8 9 4 8 5 2 9 1 6 5 2 8 4 7 1 4 9 4 5 7 4 8 10 9 6 10 1 7 8 4 7 1 5 10 6 9 3 7 6 6 1 6 2 6 7 4 3 8 3 5 10 8 4 10 1 10 8 3 2 3 7 10 6 1 5 10 9 9 7 4 6 3 9 4 3 10 7 6 10 6 4 6 8 10 1 3 3 5 1 10 5 9 9 3 7 10 1 7 10 3 4 9 3 9 8 9 3 5 8 10 1 4 10 9 9 6 1 9 1 6 10 6 3 6 9 3 5 10 8 1 1 3 2 5 7 6 9 5 2 6 8 7 5 5 8 6 2 10 1 3 8 3 1 10 9 10 7 2 4 8 7 5 10 9 1 9 4 10 4 10 2 7 1 1 5 7 8 3 5 10 7 2 10 4 8 4 1 1 4 5 8 5 6 10 4 9 4 2 8 4 6 5 4 9 8 7 4 10 9 1 5 9 1 5 1 6 8 1 1 3 10 10 3 10 4 10 3 1 1 1 6 10 4 9 2 6 10 10 3 3 3 8 6 9 6 6 3 4 6 5 5 4 2 10 6 3 3 5 5 7 10 10 5 2 7 1 5 1 1 8 7 7 5 10 2 9 5 1 7 7 5 5 4 9 2 10 7 2 3 1 1 6 1 2 6 6 3 9 6 3 2 8 9 1 1 1 10 7 5 5 4 4 4 6 5 9 8 8 8 3 8 2 4 4 1 1 9 1 2 1 9 2 7 2 9 7 4 1 9 3 7 8 5 3 5 6 8 4 5 8 8 6 2 10 8 5 9 10 10 6 10 2 5 6 8 2 9 1 3 3 1 6 2 1 3 5 2 8 6 6 4 7 2 1 3 8 1 3 8 10 10 9 10 3 9 7 6 4 4 6 5 4 7 7 4 10 3 2 1 4 10 10 2 3 7 4 8 3 10 2 4 5 7 4 5 4 7 6 7 1 10 3 8 5 10 7 9 2 3 10 10 10 5 8 10 5 4 9 9 7 5 8 6 1 4 1 9 1 5 6 6 8 9 8 10 2 2 7 6 4 2 1 5 1 2 5 9 2 2 2 7 3 6 8 1 4 1 4 4 8 5 5 3 4 5 5 10 9 9 9 8 9 10 1 10 1 6 8 9 7 7 6 4 1 4 3 9 1 3 6 3 7 2 10 9 2 1 5 8 3 5 10 4 8 6 4 10 10 7 1 2 5 4 6 2 2 2 6 6 1 8 3 10 6 4 3 9 10 4 3 4 8 7 4 5 8 9 5 6 4 5 6 1 6 9 3 2 10 7 9 10 8 4 4 9 2 2 7 9 8 7 10 1 6 1 3 10 3 7 3 8 9 3 10 10 10 2 5 1 6 4 8 1 1 10 4 9 2 5 2 9 9 6 9 5 4 7 5 5 6 9 3 8 5 4 10 8 2 2 1 9 8 8 6 3 2 7 3 8 8 9 1 7 5 6 3 8 8 2 4 8 1 10 10 7 10 5 4 9 1 5 7 1 4 4 2 10 10 1 3 10 6 7 10 5 6 1 6 2 9 6 10 4 2 5 7 5 7 7 4 2 2 7 5 5 4 2 1 5 9 7 9 6 6 1 3 2 10 8 1 7 3 9 5 4 8 2 7 6 4 9 8 4 3 4 2 4 2 2 7 6 2 8 2 3 8 3 6 2 1 7 3 5 6 9 6 4 2 6 4 9 6 2 7 9 3 8 6 4 8 6 5 9 5 1 1 9 3 7 6 1 6 8 8 2 3 6 8 5 2 8 9 8 2 7 2 3 3 5 1 7 8 1 3 6 3 10 4 10 1 8 4 6 7 10 5 2 4 2 9 2 5 9 6 7 2 9 2 9 5 10 7 2 5 3 8 8 10 5 7 6 2 1 5 3 7 4 2 10 3 6 10 5 2 4 2 2 1 8 9 5 6 1 6 6 9 4 9 4 8 6 2 4 9 9 3 7 7 1 10 3 4 2 9 1 1 2 4 7 3 5 10 9 6 4 2 6 3 5 1 4 3 10 6 3 9 9 4 8 8 2 5 2 9 2 3 9 5 8 5 6 2 4 7 5 7 8 7 7 7 3 5 6 2 8 2 4 2 7 7 6 1 2 6 7 10 9 10 4 5 10 7 6 7 1 5 5 9 5 10 5 9 7 2 10 3 1 1 2 9 2 6 4 4 2 3 8 7 2 3 4 6 7 1 9 10 9 8 10 5 5 6 5 1 5 9 8 1 6 7 3 10 3 6 6 9 9 3 8 2 4 2 9 6 6 6 2 10 1 10 9 8 2 7 3 4 8 4 8 10 4 9 3 2 1 1 9 1 1 3 8 7 2 7 4 2 1 5 2 2 8 7 8 5 4 5 9 9 5 3 1 2 5 2 10 5 9 5 5 1 4 3 1 3 8 9 7 4 10 8 7 1 2 1 4 3 9 5 3 4 2 4 4 6 2 7 2 1 6 2 9 3 6 2 7 7 2 1 6 3 5 6 4 6 1 6 4 4 10 9 2 1 8 6 4 1 6 6 5 6 8 4 8 10 7 8 9 6 2 9 5 5 1 7 10 9 6 2 7 9 10 6 2 4 1 3 5 9 9 3 3 1 4 9 9 10 8 1 2 6 6 4 7 7 3 2 4 7 8 9 7 9 2 1 6 10 8 9 4 4 1 9 5 2 1 2 4 6 4 5 5 8 2 8 3 3 4 7 8 5 8 7 6 6 2 1 5 4 4 3 6 6 2 9 6 7 3 3 7 5 4 6 2 4 9 3 2 3 8 2 10 7 6 7 2 3 4 10 10 10 9 9 1 5 3 8 5 9 7 8 9 9 7 4 2 9 1 4 8 7 6 8 6 10 2 9 2 2 5 2 10 4 10 5 6 7 2 6 8 2 6 5 6 2 7 10 2 3 8 7 5 2 7 10 9 5 8 7 6 3 5 5 9 3 1 3 6 5 4 5 7 4 1 3 7 8 8 10 5 10 8 4 1 2 6 9 9 10 9 7 8 10 3 2 8 2 9 10 1 10 8 7 2 4 8 4 6 1 10 9 8 8 6 2 1 9 7 8 1 1 10 8 10 4 5 1 7 9 6 6 8 1 7 7 10 1 3 6 5 10 6 5 10 5 3 5 5 10 9 6 6 1 7 2 9 8 8 9 4 7 4 8 3 1 10 6 9 2 7 9 6 3 4 5 8 9 7 6 7 7 2 3 1 8 4 8 5 2 2 4 5 5 8 7 5 3 7 10 5 10 4 3 7 5 8 3 4 6 9 7 1 2 2 5 2 9 7 6 9 4 8 3 6 2 8 3 5 7 5 9 5 4 4 8 10 7 6 5 2 6 4 2 4 5 1 5 6 8 5 1 5 6 1 5 7 2 8 4 3 5 5 10 1 6 8 7 9 7 4 3 8 9 3 1 8 7 9 3 4 10 5 10 10 10 7 4 3 8 2 7 6 8 6 3 7 10 10 5 6 10 10 1 10 9 6 8 2 6 1 8 4 8 9 4 10 4 6 8 10 7 8 8 6 5 4 10 6 3 10 6 4 1 7 5 1 9 4 10 2 3 10 10 5 6 2 6 6 2 9 5 6 3 3 7 4 3 3 6 4 4 1 2 3 9 4 2 7 7 8 4 9 7 8 1 10 4 6 6 2 8 6 8 1 7 2 5 3 8 5 5 3 9 7 1 1 8 1 4 8 4 7 3 4 9 6 5 7 8 9 1 7 7 5 2 6 4 9 9 3 5 7 6 3 9 6 1 9 8 5 6 7 1 1 3 3 9 2 3 4 4 3 8 7 4 8 1 6 1 6 10 3 8 3 6 8 5 10 2 7 2 4 3 1 4 4 6 3 7 1 7 2 8 9 6 4 8 4 9 9 5 1 8 4 4 9 7 10 10 8 3 6 10 6 9 9 7 2 6 5 7 4 7 6 3 1 8 9 4 5 9 4 2 2 10 2 7 4 6 3 2 10 3 7 6 10 5 1 5 3 2 3 5 1 3 10 3 3 7 9 5 6 1 5 10 3 8 7 5 2 2 6 4 9 2 1 7 10 6 6 7 1 7 7 7 4 1 1 3 4 2 3 9 9 6 8 4 1 2 6 9 3 9 2 7 5 6 3 6 1 10 4 2 4 4 6 2 5 10 7 1 3 2 10 7 10 8 5 3 6 4 5 3 2 1 5 6 5 2 8 1 5 10 8 6 2 9 9 8 10 4 4 9 6 8 9 2 7 2 4 6 10 6 4 9 9 1 4 4 6 10 3 10 6 8 5 1 3 6 4 7 7 6 3 8 6 4 8 10 2 10 8 10 4 10 9 4 1 10 7 9 8 7 1 1 2 10 4 1 2 5 9 5 7 1 5 1 10 10 10 7 4 4 2 6,3 7 7 2 7 2 4 5 5 3 7 2 5 7 7 2 7 7 1 8 5 1 5 7 8 7 10 4 6 2 9 5 10 9 8 2 7 1 7 6 5 7 8 9 8 7 9 7 4 9 7 2 5 10 2 7 2 4 7 7 4 8 7 7 5 6 5 7 2 7 9 2 9 3 10 3 5 7 10 9 4 1 10 6 4 7 7 2 7 7 6 9 6 7 1 4 2 7 7 7 4 5 9 6 3 7 7 6 2 8 2 9 7 2 6 2 7 9 1 5 8 2 6 1 6 8 10 6 7 5 2 1 5 7 5 5 7 2 9 2 5 2 7 8 8 6 4 2 7 4 7 7 7 9 9 7 5 10 5 9 7 7 7 7 3 7 2 7 3 2 5 7 4 1 6 5 9 7 5 2 4 7 2 4 10 5 7 7 5 7 7 5 7 2 5 5 6 1 10 9 7 4 2 7 7 7 9 8 3 7 8 7 7 5 3 2 8 4 10 4 1 2 2 7 7 3 9 2 9 5 2 7 2 5 7 8 5 2 1 2 1 5 7 1 7 9 6 7 10 7 10 2 4 2 8 6 5 7 5 3 7 9 7 3 9 7 6 9 4 9 8 9 7 7 7 1 7 9 3 10 9 8 7 9 5 5 6 3 4 3 7 5 4 8 5 5 7 2 2 7 4 1 7 2 9 2 7 5 5 2 10 8 9 8 3 10 2 6 5 2 8 3 4 2 7 8 3 5 8 7 4 3 4 3 7 10 4 6 2 1 3 3 1 7 8 8 9 7 7 7 8 10 2 7 10 7 1 2 3 10 3 6 8 6 5 5 8 5 3 5 6 7 2 3 8 7 7 4 3 5 5 10 9 1 7 6 9 7 7 2 7 2 10 6 2 7 7 4 2 6 7 7 7 5 1 3 2 9 2 4 7 7 7 10 8 4 4 9 1 7 4 7 10 3 6 4 10 4 10 2 2 1 5 3 8 1 2 4 10 7 4 2 4 6 9 3 2 2 5 9 3 7 10 1 8 8 7 7 7 3 5 7 9 5 2 9 2 2 4 5 5 5 7 7 2 2 5 9 7 5 9 7 7 4 7 7 4 6 2 7 4 8 2 2 3 4 9 7 5 3 6 9 7 1 8 3 5 7 9 7 2 7 8 10 7 8 5 7 7 1 8 1 5 7 7 7 5 5 4 5 10 6 5 7 7 3 5 3 5 7 8 1 7 8 6 7 4 2 7 7 8 10 2 1 5 6 6 2 5 2 1 4 7 7 4 1 3 5 4 3 2 3 1 9 6 4 7 5 7 7 7 8 2 7 1 3 1 5 6 1 6 8 7 5 4 8 4 10 2 6 7 9 7 5 7 4 5 7 9 10 7 10 3 3 2 8 10 10 8 9 5 1 5 1 2 2 10 4 4 5 7 4 5 2 4 3 5 7 7 4 7 1 10 3 10 5 4 8 3 1 5 7 1 8 10 10 7 2 7 10 9 7 7 2 5 2 7 6 1 5 10 7 5 1 5 10 4 7 6 7 10 7 6 7 5 9 9 7 2 7 10 4 1 10 7 7 6 6 3 6 7 7 7 7 3 6 8 5 9 9 3 1 9 9 6 6 1 5 8 8 7 4 1 2 1 7 8 1 4 8 4 2 7 2 3 3 5 7 4 1 7 5 1 7 3 4 7 7 10 4 5 9 10 8 7 5 5 7 7 10 9 7 5 2 2 7 4 7 5 1 1 7 5 7 10 8 6 1 9 9 5 4 7 2 7 3 2 2 3 2 7 6 7 2 9 7 7 2 6 9 10 9 5 5 9 2 4 9 1 1 5 7 2 1 10 6 5 10 7 10 7 1 7 2 8 8 7 9 4 8 7 7 2 7 9 9 6 3 3 3 3 10 7 8 6 6 4 10 7 8 5 1 9 4 6 10 6 9 6 10 6 3 7 5 10 9 1 4 2 1 7 7 1 2 8 2 6 6 3 4 10 1 7 9 9 1 7 8 2 10 9 5 5 6 4 7 3 7 2 7 8 7 2 2 6 2 7 1 7 1 6 3 1 8 10 7 1 6 3 8 3 9 3 2 7 4 10 1 5 7 7 5 4 3 3 6 2 3 5 6 10 9 4 3 5 10 7 6 3 10 4 9 3 3 8 3 9 4 5 4 4 8 4 8 7 9 1 6 4 7 5 9 7 3 7 4 6 2 5 2 5 9 2 3 5 4 2 6 8 4 4 7 4 10 2 3 9 2 8 7 7 6 10 1 4 1 5 7 3 8 8 7 9 3 3 4 5 9 8 5 3 2 2 7 5 10 7 3 10 6 5 4 7 2 1 8 3 10 1 7 7 3 9 3 7 4 2 10 3 4 1 7 1 8 7 3 7 2 8 9 9 6 9 8 9 2 6 7 9 7 8 7 6 10 5 4 6 5 10 1 5 1 5 2 6 7 9 3 1 1 6 8 7 7 2 8 2 2 10 8 10 10 5 2 4 9 7 9 2 5 10 6 7 7 8 10 3 2 2 10 4 5 7 9 7 1 7 5 5 7 9 7 3 6 7 5 7 7 9 6 2 6 7 1 2 4 8 2 7 7 5 5 5 4 7 7 2 7 2 7 3 7 4 7 4 5 1 1 10 1 2 4 10 2 4 3 3 7 4 6 7 6 5 10 6 7 9 7 2 7 7 4 6 7 1 10 2 10 7 4 7 4 8 2 3 7 1 2 10 4 7 4 3 6 5 8 4 6 3 5 2 1 6 7 4 6 2 7 8 7 3 3 10 7 1 1 7 7 10 4 10 7 7 3 7 8 7 9 1 5 3 6 7 10 10 7 1 8 10 2 4 7 7 5 3 7 10 5 7 8 4 3 4 7 5 7 5 4 2 3 8 2 7 9 6 7 7 5 10 3 1 7 7 2 7 7 9 4 10 8 7 3 1 7 7 6 6 7 10 5 4 7 10 9 9 7 3 7 1 8 3 7 10 4 9 2 6 7 3 6 9 3 7 4 6 2 2 3 5 7 7 3 1 4 7 2 3 5 5 5 7 8 3 9 7 1 2 5 5 10 4 2 3 5 7 6 7 8 4 4 9 7 2 8 8 10 6 5 9 9 1 10 7 7 7 6 5 2 6 4 4 4 5 2 3 3 7 2 7 8 7 4 4 6 5 7 9 4 3 6 7 4 7 7 10 7 7 6 9 3 7 1 2 3 6 8 3 10 4 7 9 7 2 7 4 5 8 7 3 4 9 2 9 2 5 6 2 1 7 5 3 5 2 1 3 10 7 1 2 1 1 7 5 6 7 7 7 1 8 7 3 10 4 9 8 5 2 7 6 10 5 4 1 7 7 1 7 10 8 6 4 3 4 7 1 10 6 8 6 2 2 7 1 1 7 3 7 6 10 7 4 4 9 3 3 9 1 9 5 2 6 10 7 5 3 4 6 3 3 2 6 7 5 10 7 6 9 10 4 8 10 4 9 9 3 1 7 6 4 10 7 3 2 9 4 7 3 5 9 6 7 2 4 7 7 10 3 7 7 3 2 9 3 7 4 6 9 9 5 1 10 8 7 7 5 9 9 9 6 4 3 6 4 10 8 9 7 9 1 3 1 1 6 4 5 7 7 7 3 9 7 9 10 10 10 3 1 7 7 7 2 4 3 9 9 2 7 7 6 3 7 5 7 6 4 10 3 8 5 8 3 5 7 8 2 10 1 7 3 4 6 2 3 8 9 9 10 9 7 9 4 3 9 3 6 4 6 3 9 5 6 9 3 10 7 3 7 2 6 2 10 9 7 3 10 9 9 9 1 1 6 5 9 3 3 8 6 8 9 7 2 7 8 2 7 4 3 9 3 7 5 8 4 3 3 10 7 7 10 10 3 1 4 8 7 3 3 3 5 7 4 2 8 8 9 9 9 6 10 4 7 3 9 6 7 7 2 1 9 3 3 9 4 9 9 1 7 7 7 2 2 10 7 2 5 3 6 6 2 4 3 4 2 7 7 1 7 2 2 2 7 5 6 4 7 5 7 3 1 7 6 8 9 6 3 3 1 4 1 1 7 7 1 4 9 4 6 2 3 3 3 3 3 8 1 1 8 10 7 7 9 4 7 1 9 3 10 7 7 4 1 5 7 6 4 10 8 7 3 3 4 7 2 5 3 9 5 6 7 7 7 10 1 1 4 9 4 4 4 7 10 7 5 7 4 9 7 3 7 3 9 3 6 9 10 9 8 9 3 7 3 5 7 7 4 7 4 7 9 9 9 7 3 6 7 4 7 5 9 6 9 9 4 9 7 1 5 8 2 8 10 7 9 2 10 7 7 5 7 9 7 2 5 8 7 2 4 2 2 1 5 3 5 3 7 2 1 6 10 7 7 3 7 7 9 8 7 6 10 1 4 10 3 7 1 6 3 2 2 9 5 1 7 9 8 4 6 7 7 10 5 8 2 3 1 2 2 7 2 7 10 5 2 8 2 5 9 7 10 10 7 6 5 7 1 7 3 6 7 1 9 8 7 6 2 8 4 7 4 3 1 2 7 7 1 3 1 7 7 7 4 2 4 7 5 3 7 3 2 7 7 9 7 9 3 1 7 6 2 3 2 5 4 7 6 9 1 5 1 1 5 2 1 5 8 3 2 3 7 3 9 5 7 9 4 2 7 2 2 7 9 2 2 7 8 8 7 10 2 7 4 4 3 3 10 7 5 8 2 4 5 7 3 7 8 9 7 9 6 3 3 2 10 5 1 7 8 2 8 3 10 2 4 3 7 1 6 1 5 8 7 8 2 1 7 3 4 2 3 9 7 7 5 7 4 6 7 7 6 5 7 4 4 4 10 9 9 7 3 7 10 5 2 6 2 7 6 6 2 9 8 10 10 9 3 7 6 8 10 4 2 9 6 4 7 6 9 9 4 4 5 9 5 10 10 4 4 1 2 6 7 6 7 4 9 2 9 3 4 4 7 4 2 10 9 7 2 7 6 3 2 4 10 10 7 10 8 2 1 7 4 7 3 6 7 4 9 3 7 8 7 2 5 8 1 7 1 5 4 5 8 8 6 10 1 2 10 2 4 6 2 6 9 10 10 3 4 7 7 8 9 9 5 10 3 2 1 4 6 10 7 5 3 4 4 5 10 6 6 7 7 4 8 8 6 5 4 4 6 8 7 4 6 1 9 5 3 2 6 6 4 2 7 8 1 5 4 7 4 4 4 9 7 6 3 9 7 4 7 7 6 1 7 8 4 3 8 7 5 7 2 1 2 1 10 7 10 1 6 6 4 7 5 8 2 10 6 7 1 3 10 8 8 7 9 1 4 3 2 10 5 3 3 7 9 7 5 7 10 4 8 7 6 8 2 9 7 4 2 4 3 9 3 10 7 3 3 2 10 7 2 7 7 4 7 10 8 7 4 4 9 7 10 7 3 7 2 8 9 6 2 7 7 7 5 5 4 10 7 7 9 8 8 2 10 4 5 4 6 3 4 1 10 4 7 7 3 2 2 5 7 3 9 4 1 6 2 3 3 4 3 5 8 7 8 3 7 5 2 9 4 5 3 9 7 4 1 2 7 10 8 7 7 6 7 4 5 7 1 2 2 4 6 10 8 2 5 1 5 6 4 8 9 9 7 1 1 9 10 1 5 10 3 8 1 2 8 9 5 1 8 4 8 6 3 2 6 4 9 4 7 5 6 1 8 3 8 6 4 6 9 2 6 6 9 10 8 2 2 9 3 9 7 9 2 8 5 7 1 5 1 4 10 3 7 4 9 2 10 2 3 4 4 4 3 6 5 10 10 2 1 5 1 3 4 8 3 6 4 9 7 10 9 7 9 2 9 4 5 5 1 1 10 9 8 1 5 6 9 10 3 10 9 3 9 8 7 5 5 8 2 2 1 1 4 10 8 6 8 1 2 10 6 2 8 7 9 1 1 3 8 9 10 4 7 9 6 5 1 6 5 9 6 4 9 6 10 6 6 9 3 9 3 7 7 7 10 10 9 9 1 2 9 8 5 2 9 2 4 6 3 8 10 1 4 9 3 1 2 1 1 3 4 5 1 4 8 3 2 9 1 6 4 4 3 5 8 1 5 10 9 9 5 1 10 3 9 1 3 9 4 9 1 5 2 1 6 7 4 5 4 1 5 6 10 7 5 7 4 2 6 2 3 8 6 3 6 8 6 5 9 3 1 3 5 7 3 6 8 10 4 6 7 10 6 2 1 4 9 9 1 2 5 2 6 1 5 10 2 6 1 1 4 4 5 4 10 9 2 7 7 3 1 1 5 4 1 9 10 8 3 5 10 5 9 2 3 3 10 5 1 2 6 8 10 3 4 4 8 5 1 4 8 10 3 5 10 1 7 8 4 9 10 8 7 5 5 4 10 8 7 9 8 5 7 8 2 7 6 3 9 2 3 3 8 8 8 2 9 6 8 4 10 5 2 4 6 1 3 10 5 4 4 6 6 9 9 3 4 2 5 9 3 9 2 5 3 9 4 5 7 3 2 1 8 7 5 8 4 1 4 6 2 3 5 4 4 3 4 9 9 6 2 4 4 8 1 9 8 10 6 5 1 2 10 7 1 7 3 1 8 2 3 4 5 5 5 5 7 9 10 6 10 6 3 4 7 6 5 9 2 7 8 7 7 10 8 4 6 8 3 6 6 4 7 8 9 9 5 3 8 2 9 8 2 9 7 9 4 9 10 2 5 6 10 7 2 9 7 10 9 5 5 1 1 3 5 9 8 9 6 3 8 4 4 2 4 3 8 1 2 7 3 2 1 8 3 2 1 4 10 5 6 2 2 9 1 4 5 4 2 10 2 10 9 8 10 4 3 7 10 7 8 8 2 6 9 6 10 3 3 4 6 9 3 4 4 3 5 7 7 6 10 9 2 1 2 5 7 7 7 2 4 5 4 3 4 10 6 1 10 5 10 9 8 10 3 2 6 5 2 6 3 7 2 6 5 1 5 1 2 7 7 10 1 4 9 6 9 8 9 2 6 3 6 1 9 5 6 8 1 4 6 2 3 6 5 3 4 2 7 8 5 9 9 8 9 5 4 6 6 9 4 6 9 1 10 7 6 4 3 6 9 1 10 3 9 2 2 10 5 1 6 4 9 1 6 9 2 10 5 2 10 5 3 7 2 10 7 1 1 10 1 6 1 3 2 5 6 1 8 1 8 7 6 7 1 2 6 10 8 3 2 9 5 9 6 10 3 6 10 4 7 9 3 10 6 7 6 4 2 9 6 3 10 5 5 5 1 6 2 7 1 10 2 4 9 7 1 9 3 4 7 1 2 8 3 1 8 6 8 10 4 6 4 2 1 3 10 5 3 1 3 9 4 6 10 6 1 8 2 10 2 5 10 9 6 4 10 5 8 4 4 2 8 6 9 4 9 4 5 10 1 9 7 1 7 3 9 5 5 4 4 6 1 3 9 5 10 8 8 3 8 2 7 1 4 8 2 8 1 1 7 4 5 5 10 5 10 2 4 5 3 10 4 10 1 5 8 3 5 4 6 1 2 8 10 5 5 4 6 9 1 3 5 10 4 5 2 10 8 8 5 10 8 6 1 7 5 8 4 1 6 3 3 4 6 5 4 3 7 10 1 10 3 8 4 1 1 6 8 3 3 1 7 5 7 1 2 3 3 10 5 3 1 4 5 8 5 9 3 5 4 7 8 8 3 9 6 1 9 1 1 5 7 5 3 3 3 2 1 5 8 2 6 6 7 4 8 9 6 6 1 3 9 3 5 5 9 6 1 5 10 3 2 10 2 1 6 7 9 6 9 9 4 9 1 9 4 1 4 9 6 6 4 5 8 6 1 1 3 9 6 9 2 7 9 1 9 9 2 10 9 10 4 9 1 3 2 4 5 5 4 1 1 9 4 5 3 8 9 3 6 5 7 2 10 4 7 8 6 1 8 10 9 1 8 2 2 10 8 9 10 5 9 10 6 6 5 8 3 1 1 10 8 6 9 4 8 5 8 9 2 2 10 4 4 3 10 7 9 3 4 5 9 8 6 6 9 10 6 8 5 4 7 4 2 2 4 10 5 4 3 7 6 3 9 1 5 7 3 6 2 5 4 2 6 3 8 5 4 6 10 5 3 10 1 4 7 10 3 8 9 2 7 3 6 8 5 2 10 7 6 4 7 10 4 4 10 2 3 9 9 4 5 2 3 1 4 5 4 2 7 3 1 2 1 4 6 4 2 8 9 10 9 2 1 3 2 8 3 9 3 7 10 9 10 10 7 3 8 8 6 9 8 9 1 7 10 7 4 3 5 4 1 1 9 5 1 10 3 2 8 1 3 10 1 1 3 6 2 6 2 4 7 5 5 9 8 7 10 1 1 3 7 1 1 6 3 8 2 3 10 6 8 1 8 3 10 5 3 6 9 1 9 10 2 9 9 6 1 5 1 5 5 1 1 4 5 9 10 6 9 2 5 5 2 10 9 1 4 1 2 6 1 6 2 10 6 4 3 1 9 3 5 4 1 1 8 8 8 1 2 4 10 8 2 7 9 2 2 3 4 8 5 1 9 1 2 4 9 6 5 6 2 6 5 7 6 6 8 10 4 2 8 5 6 3 7 1 10 5 6 8 6 3 10 6 4 6 10 9 7 8 7 10 1 4 5 3 5 1 7 4 8 7 8 4 1 4 2 5 8 5 1 4 3 1 3 3 3 4 9 9 1 3 4 7 1 4 7 2 2 10 3 3 8 4 10 6 5 7 9 5 7 6 8 1 8 4 3 2 3 9 3 1 7 5 6 9 5 10 10 3 4 9 8 8 7 9 10 9 1 4 2 8 9 3 2 6 4 8 3 7 9 7 6 1 2 5 3 5 5 8 4 6 6 7 2 6 3 2 10 6 9 10 7 3 5 8 3 2 10 8 3 8 4 2 9 8 8 6 5 7 6 1 9 6 10 2 3 3 1 7 1 6 7 1 10 8 9 2 8 1 4 8 9 3 8 9 3 9 5 10 3 9 8 9 8 1 6 3 4 1 6 8 9 6 2 9 10 8 9 8 7 6 9 7 3 10 9 9 5 3 5 9 6 8 3 10 3 4 2 5 6 8 3 7 4 6 9 6 7 4 9 1 7 10 3 6 2 1 3 1 4 3 8 9 1 3 4 2 9 4 10 6 1 7 10 6 1 9 10 6 5 7 9 8 2 10 8 8 1 3 3 4 8 7 3 10 8 1 2 6 5 8 1 9 8 8 6 8 5 6 9 7 5 6 9 10 3 2 5 2 4 9 10 6 10 6 5 2 3 9 3 8 2 3 5 7 5 7 6 1 5 4 9 5 1 8 8 9 6 6 6 1 1 5 8 6 2 5 1 5 4 5 7 5 4 6 6 1 6 9 4 3 3 5 10 3 8 8 1 1 9 7 5 1 6 1 1 7 5 10 9 3 7 8 1 8 3 1 9 10 10 1 5 3 3 4 5 2 5 5 1 1 10 8 5 1 10 2 6 10 3 7 1 1 9 1 9 9 3 5 2 6 6 1 5 2 7 9 9 10 5 3 1 2 1 8 7 5 5 4 3 9 7 7 1 5 1 2 4 4 1 8 1 10 6 3 9 2 8 2 9 6 2 4 6 10 4 6 8 1 4 2 7 1 7 2 2 6 10 9 2 5 8 6 1 2 7 10 6 4 4 8 4 10 10 1 9 1 7 4 5 10 4 10 9 2 9 4 1 10 4 4 10 2 4 7 3 6 10 6 4 10 4 5 1 4 2 4 7 4 8 5 5 8 2 8 6 6 6 2 9 9 9 3 10 3 4 6 9 6 5 9 9 1 9 4 3 10 4 5 4 5 5 9 3 6 10 2 8 9 4 8 2 10 1 8 3 2 1 4 6 2 1 2 10 1 1 10 4 6 2 8 5 9 9 2 2 5 10 3 3 2 6 6 1 5 6 6 8 5 3 2 4 1 4 2 9 2 8 2 6 8 3 4 1 10 2 5 1 2 5 2 2 8 10 6 2 9 2 8 9 3 10 3 5 8 6 9 9 3 2 8 4 1 4 10 3 8 3 3 1 5 4 9 5 6 2 3 10 10 1 2 2 2 2 9 2 10 3 10 2 10 10 5 1 5 9 1 9 2 10 3 4 4 2 8 8 10 2 5 5 9 9 7 5 3 1 9 8 2 10 3 10 9 1 9 3 5 2 10 8 9 8 8 10 2 4 9 8 6 2 9 2 2 1 9 2 5 10 4 7 2 4 1 5 10 8 2 9 3 3 9 4 1 2 10 5 3 7 5 1 5 1 4 7 4 5 6 10 6 5 10 10 2 8 4 5 10 4 1 4 6 10 10 6 6 5 8 1 9 6 4 8 4 6 10 7 1 4 8 8 3 5 2 2 4 4 4 10 5 10 1 1 3 9 9 5 6 1 1 3 7 4 9 9 1 10 10 9 5 5 8 6 4 10 5 1 1 9 1 6 9 5 8 5 5 9 8 10 4 7 4 9 2 10 9 6 6 9 4 4 2 6 2 9 5 9 6 3 5 6 2 3 10 1 10 5 8 3 3 10 1 8 4 7 2 7 1 3 3 9 1 9 6 5 5 8 7 2 10 1 3 1 3 7 3 8 1 10 5 4 8 2 6 9 2 10 4 1 10 3 7 3 10 3 10 3 2 1 10 8 8 1 1 1 9 2 1 4 10 7 6 10 5 9 9 2 2 9 10 6 4 10 9 9 8 10 1 1 1 2 8 5 3 9 2 8 4 5 5 7 4 8 9 8 6 4 6 2 1 9 9 1 8 1 3 10 4 8 4 9 9 1 3 9 5 4 8 6 9 8 8 9 1 7 2 8 10 4 2 9 6 6 10 1 6 5 3 9 1 9 3 6 5 3 3 7 4 3 10 3 8 10 2 4 10 1 9 1 10 8 10 2 8 4 8 9 8 2 8 1 3 4 9 5 9 3 9 6 5 2 3 1 2 5 1 2 8 4 1 3 4 1 10 10 6 7 8 9 3 7 6 2 6 9 3 4 6 3 3 5 8 7 3 5 9 2 4 1 4 1 6 4 10 1 1 3 9 5 5 6 7 10 3 10 5 3 10 4 5 8 2 2 9 3 2 5 3 1 6 6 5 3 10 5 5 10 10 7 1 4 6 2 9 7 1 5 8 4 2 1 5 1 10 1 8 8 10 4 6 3 6 2 6 4 1 10 9 7 8 3 8 5 10 4 6 3 3 5 1 2 4 8 9 4 4 4 7 9 5 1 6 8 5 8 1 10 6 4 9 4 7 4 8 1 8 9 5 8 7 4 5 1 1 9 2 8 1 8 5 3 2 7 6 3 6 7 6 1 2 9 3 6 6 5 1 10 1 7 10 9 10 6 2 1 8 5 9 3 3 3 4 3 4 9 4 5 2 1 6 3 2 5 10 10 3 2 9 8 10 7 8 5 9 8 5 6 4 9 10 6 10 1 4 4 10 5 1 9 3 5 1 2 6 6 3 3 9 5 5 7 2 1 8 1 5 1 3 5 6 2 1 3 8 4 9 3 7 6 1 7 9 3 1 7 1 5 10 1 4 1 3 9 9 4 7 1 1 8 1 4 10 2 7 8 10 8 4 1 2 5 3 10 6 9 1 5 8 2 5 9 6 6 5 8 3 6 5 9 10 4 2 4 10 9 8 2 9 10 3 4 1 9 7 9 5 7 6 10 6 8 8 2 10 5 10 3 5 5 3 2 10 9 3 1 4 2 1 10 8 10 3 7 5 2 4 3 9 8 6 4 9 9 1 6 6 4 8 1 4 4 1 4 7 4 3 7 7 5 5 3 5 9 2 4 2 8 10 8 9 8 5 7 1 8 4 6 9 3 1 5 10 10 1 3 4 9 1 7 3 5 8 7 5 5 8 3 6 8 10 9 6 10 4 1 10 10 4 8 1 8 10 7 3 7 1 10 9 6 5 3 6 8 4 7 1 10 1 6 1 1 9 4 10 6 5 2 4 10 4 4 4 9 1 3 5 5 3 6 1 1 1 3 3 3 5 4 8 6 5 8 7 7 6 4 3 8 5 8 9 5 6 10 9 4 9 5 6 2 5 9 5 9 8 9 6 5 2 7 4 9 9 10 10 10 7 3 1 4 5 6 4 2 5 2 3 9 1 8 3 4 3 8 1 7 6 2 2 8 3 10 6 10 9 4 9 6 6 3 1 5 9 1 10 1 5 4 5 1 5 4 3 6 2 4 6 1 8 2 4 2 4 1 6 6 9 7 6 10 3 4 2 1 9 10 1 10 6 6 4 3 4 2 9 4 1 4 9 8 6 5 10 9 2 4 8 2 8 4 8 5 4 2 6 8 9 10 3 2 2 7 3 10 7 9 9 4 4 9 8 10 5 4 5 3 2 8 10 4 10 4 9 2 6 10 9 7 5 2 5 6 4 3 9 9 9 1 10 10 10 7 5 5 10 9 2 9 2 4 2 3 2 3 10 10 1 9 8 10 4 5 7 4 7 2 3 2 9 4 3 10 4 2 7 4 4 10 1 2 1 6 6 10 10 7 9 2 3 5 6 3 3 8 3 5 5 9 2 5 3 5 1 5 8 1 8 6 6 5 1 3 8 4 5 9 5 4 3 10 3 8 4 1 8 8 5 4 8 1 4 8 9 10 10 3 8 9 5 3 6 6 3 1 4 6 2 8 10 6 3 7 8 2 3 4 6 1 9 9 3 9 10 10 9 2 10 5 4 6 5 3 4 3 10 10 6 2 5 8 5 8 4 2 9 9 9 10 1 5 10 9 2 9 3 7 9 4 4 1 5 9 3 3 9 10 1 5 2 4 10 8 9 10 10 6 2 4 6 1 1 9 10 3 1 4 9 6 8 10 7 2 1 4 6 6 10 3 4 2 2 1 9 5 9 5 10 8 7 1 10 6 1 6 1 3 3 2 1 5 5 6 6 5 8 10 5 10 8 10 10 8 4 5 7 6 2 10 1 2 6 10 2 8 3 8 9 10 5 5 8 10 10 4 7 2 5 10 8 4 1 3 4 2 3 3 8 8 3 6 3 8 5 1 3 1 8 1 3 2 1 10 8 3 1 9 8 4 6 10 6 5 5 8 1 1 10 1 1 8 1 8 4 7 3 5 1 8 8 10 3 1 2 3 5 2 4 2 5 8 3 2 10 9 6 7 9 8 2 2 8 8 5 8 10 6 2 7 3 3 8 9 10 9 10 9 6 4 2 8 9 7 1 10 7 5 2 8 9 3 6 8 10 4 7 10 3 2 3 8 4 10 5 2 2 9 4 3 7 8 3 10 5 9 3 5 1 9 3 10 10 5 7 5 10 3 10 8 6 8 5 5 5 3 5 6 2 6 5 1 6 9 1 4 10 1 8 4 4 2 5 6 9 2 4 3 3 10 1 7 2 10 8 1 10 10 8 8 2 7 1 3 8 4 6 5 8 8 3 2 6 4 3 6 3 1 1 5 10 8 2 7 10 2 4 1 4 9 3 3 9 8 6 3 10 1 6 7 7 10 10 10 4 1 2 7 8 8 3 2 5 4 2 5 9 8 2 10 6 2 9 5 8 10 10 8 4 6 5 4 1 10 1 10 3 3 8 5 6 2 6 6 1 2 6 1 9 4 8 1 3 8 7 10 4 1 2 10 10 7 8 9 3 5 8 2 9 3 10 7 1 9 5 1 3 8 8 5 10 4 2 9 1 2 9 8 2 8 9 10 1 9 3 4 1 1 1 3 9 4 9 3 2 6 7 2 5 1 4 1 8 1 9 2 10 7 5 5 6 4 2 3 1 5 2 8 4 3 5 6 8 8 5 1 10 9 4 7 9 4 1 10 10 1 9 4 3 7 1 1 9 5 8 2 6 3 8 9 4 6 9 1 4 7 2 9 8 9 9 8 4 4 2 1 8 10 9 4 2 1 4 10 1 5 2 8 1 2 2 4 8 9 10 1 8 9 6 10 10 5 1 3 10 9 1 4 3 10 10 5 8 2 5 3 10 9 4 10 10 5 2 4 1 2 2 1 2 8 10 10 9 9 9 1 1 4 1 5 4 3 2 10 10 1 8 1 3 1 5 8 7 10 4 10 1 3 10 1 8 2 8 9 2 3 2 2 9 9 4 8 8 2 9 8 3 2 9 10 8 8 1 7 6 10 6 7 4 6 6 7 9 4 8 6 4 8 4 4 1 5 10 9 1 9 8 4 10 8 2 1 4 8 8 1 5 8 2 6 1 7 10 1 1 1 5 7 10 1 3 6 4 5 2 5 5 8 5 8 3 6 2 1 5 7 2 8 2 2 3 2 3 4 2 2 7 1 5 5 6 3 9 4 9 2 4 8 7 1 1 10 4 9 6 7 10 4 10 4 1 6 2 1 3 6 5 3 5 7 2 6 2 3 2 6 10 2 4 5 1 4 3 7 3 4 3 8 8 5 4 8 2 9 10 2 3 1 9 2 1 8 3 3 5 1 5 4 5 5 7 10 6 10 3 7 2 5 9 5 9 10 9 2 10 1 2 6 4 8 3 10 1 3 8 8 2 9 1 5 2 1 9 5 2 5 6 1 9 4 1 4 1 9 9 8 4 1 10 1 4 8 2 2 2 3 10 10 7 5 5 3 4 2 1 4 6 2 1 10 6 3 7 3 1 8 1 10 1 6 6 9 1 7 10 1 10 2 6 8 9 6 6 8 5 7 2 4 6 10 2 7 4 2 6 6 8 3 2 9 6 1 8 1 2 8 10 7 7 8 5 8 8 7 2 1 5 9 5 7 7 8 10 10 5 8 8 7 5 4 6 1 9 9 9 5 1 8 1 3 10 9 10 10 4 2 10 2 8 6 2 1 10 2 10 8 2 4 9 10 3 6 3 3 5 10 9 5 9 6 5 10 5 4 1 4 5 5 3 6 1 9 9 9 4 3 2 2 6 9 4 6 1 8 2 1 2 4 2 6 8 5 3 1 2 8 9 9 5 6 3 1 3 10 10 6 5 2 6 10 5 7 4 10 4 10 10 2 3 9 7 10 5 3 6 5 4 1 5 5 2 7 5 9 4 2 10 10 2 7 3 6 9 8 1 2 2 5 3 10 3 5 3 3 6 5 3 5 4 10 5 3 10 1 5 7 10 8 8 8 3 5 9 2 10 8 1 7 8 7 9 10 10 5 3 8 10 8 4 2 2 2 4 9 4 9 1 10 2 4 6 8 10 7 5 3 5 5 5 4 5 8 10 1 6 9 10 7 5 5 8 5 2 1 4 2 9 5 1 9 10 3 2 1 2 1 5 8 8 5 10 2 3 8 4 9 9 10 4 9 1 6 8 6 8 2 8 7 4 5 10 8 5 2 9 10 4 2 10 4 8 7 4 7 10 8 6 10 8 2 1 8 8 9 8 1 8 6 5 5 7 7 9 8 2 3 6 3 4 10 1 1 7 2 2 6 10 9 5 10 7 6 10 4 9 3 7 10 9 5 3 9 6 8 10 8 2 10 1 8 6 2 2 6 4 3 5 7 10 6 6 2 3 7 7 10 3 8 6 2 5 8 10 2 10 4 3 8 10 2 3 1 5 7 3 1 3 6 2 10 6 3 2 10 5 6 4 9 1 5 6 9 3 10 8 7 6 4 2 5 10 9 3 7 5 1 5 4 2 3 9 7 3 9 8 6 2 1 2 7 8 10 4 5 9 6 3 10 8 2 9 6 4 5 5 5 8 6 3 1 8 10 4 8 1 6 1 6 10 6 4 10 3 10 10 4 8 2 4 1 9 1 1 5 6 2 2 2 3 4 10 4 9 4 5 8 9 7 10 10 1 5 9 2 5 2 8 8 5 10 1 2 9 10 1 3 5 10 1 10 9 9 1 2 4 8 6 7 2 9 1 4 8 9 3 4 9 4 8 6 10 6 8 10 5 7 4 3 6 6 9 8 2 1 3 8 3 3 2 4 1 1 10 7 10 4 10 10 10 4 2 3 2 9 4 6 2 2 2 4 9 2 1 1 5 6 10 1 10 5 4 1 3 3 10 2 8 5 3 1 4 7 5 8 9 5 4 6 4 8 4 3 10 5 3 3 9 10 3 1 10 5 5 10 8 7 8 3 1 2 1 9 10 4 2 9 9 10 10 9 4 5 1 3 4 9 8 5 10 7 8 8 3 3 6 2 8 3 7 5 2 10 2 2 9 8 3 6 6 3 1 2 2 10 7 2 10 6 1 2 10 6 10 5 4 5 1 1 5 4 9 9 10 1 10 6 8 8 8 2 10 10 6 3 9 10 3 3 8 10 6 2 9 3 8 1 5 6 5 3 6 2 4 1 4 2 10 7 9 3 3 1 8 7 2 8 9 1 6 3 7 1 3 3 1 5 10 2 10 6 1 4 2 10 2 2 10 8 10 2 5 4 1 8 4 2 9 3 10 2 8 2 2 9 3 1 3 10 2 2 10 10 8 5 4 6 9 8 10 4 5 4 6 6 1 5 3 7 8 6 9 3 8 6 7 2 2 6 1 1 9 1 5 1 3 2 6 1 8 8 10 2 4 6 3 4 3 3 5 8 5 10 6 4 9 9 9 3 2 10 4 9 8 3 1 3 4 3 3 5 5 2 3 3 6 5 6 10 2 9 9 4 10 9 2 3 7 9 10 10 7 3 1 8 8 4 9 7 2 9 8 10 7 3 3 8 5 1 8 9 1 8 3 1 9 8 5 2 8 2 7 10 8 9 3 3 3 1 6 5 4 10 2 5 7 9 8 7 2 10 2 1 2 4 6 3 5 1 2 3 3 6 8 10 6 2 6 7 5 5 9 3 3 1 8 10 6 4 7 1 1 9 5 8 9 8 3 7 1 8 6 5 3 8 8 9 9 3 6 9 8 3 7 7 6 10 7 1 1 7 2 9 8 6 10 5 1 4 10 8 10 10 2 2 10 9 7 2 9 6 9 1 10 6 5 3 4 5 10 4 7 5 6 9 3 6 8 5 9 8 9 6 9 2 7 4 9 9 4 8 2 9 9 6 4 5 1 4 2 6 9 1 7 7 10 6 6 2 3 6 8 4 4 2 4 9 1 1 8 8 2 8 10 10 3 1 8 8 8 2 6 10 10 8 10 9 3 8 1 9 2 10 8 10 10 10 6 3 8 9 4 9 6 5 4 9 3 10 8 5 3 4 4 5 2 5 3 1 5 1 8 5 6 3 3 3 7 5 5 6 3 3 8 6 4 3 1 9 10 3 1 8 1 2 1 6 3 6 6 8 2 8 8 3 7 5 8 3 3 3 1 6 10 2 1 4 5 3 1 6 3 4 8 6 3 8 10 8 2 8 4 10 3 5 3 1 10 3 4 1 7 8 10 6 3 6 8 1 4 8 5 2 6 3 2 6 4 10 6 1 5 5 5 10 4 10 2 2 5 3 8 5 6 5 9 2 6 5 2 8 10 10 6 1 8 6 7 10 2 8 1 8 9 4 1 1 6 1 5 2 8 8 4 10 1 10 10 3 3 8 1 2 9 2 10 2 3 6 6 9 1 10 10 2 4 7 8 3 1 2 2 1 1 5 4 6 10 5 6 9 5 8 2 3 8 4 4 7 9 10 1 5 10 8 7 2 4 7 3 7 2 2 2 8 10 6 2 1 8 4 5 10 6 8 9 6 5 5 10 8 9 3 6 3 7 1 3 9 9 5 1 3 3 9 6 4 4 3 5 10 3 7 2 2 2 10 9 1 10 6 1 8 4 10 6 1 6 4 10 1 3 2 5 2 7 2 6 4 8 6 4 8 1 10 9 6 8 3 1 8 4 6 9 9 10 9 1 2 2 7 10 4 5 1 8 1 10 6 10 5 10 6 5 4 4 2 1 6 3 9 8 8 6 2 5 5 10 2 7 10 1 5 6 1 6 3 5 4 6 8 3 5 2 6 4 9 2 10 9 5 5 4 3 1 5 9 10 6 6 4 8 2 9 8 10 10 4 8 4 1 1 6 10 6 1 6 8 6 9 9 10 8 3 4 3 4 9 8 4 7 8 1 8 8 3 3 8 5 8 8 4 9 10 6 8 10 7 5 10 8 6 8 3 1 8 10 9 7 9 9 8 7 2 8 3 8 8 9 6 2 1 1 1 6 4 1 6 8 4 2 10 6 9 10 8 10 7 9 10 5 3 2 10 10 9 8 8 3 4 10 5 7 2 3 9 8 3 10 2 2 10 3 1 2 2 2 4 6 7 2 9 10 8 8 6 7 2 5 7 6 6 1 5 8 8 1 10 3 1 5 3 5 9 5 8 4 2 2 1 1 6 8 5 8 9 4 6 5 4 10 8 10 2 2 9 10 3 8 5 6 1 2 3 8 2 7 7 2 6 9 6 8 10 1 10 8 3 1 5 7 8 1 5 6 5 6 1 10 9 8 3 8 4 8 2 3 9 7 7 9 10 1 10 2 3 6 6 4 1 10 5 7 10 6 2 1 8 4 9 4 7 8 9 1 7 10 5 8 6 3 2 7 6 8 9 7 8 2 7 6 1 2 3 9 7 2 8 6 6 2 7 3 10 7 1 3 9 5 8 8 8 5 4 8 3 4 3 9 5 6 10 4 4 4 7 10 9 2 4 4 3 1 1 2 9 3 8 1 3 5 6 6 4 4 10 3 10 9 10 3 7 2 8 4 1 6 4 9 1 5 8 3 10 2 9 10 9 5 3 3 4 10 10 8 8 6 8 8 10 6 10 5 7 9 6 3 6 3 9 4 10 3 1 6 1 1 2 8 6 10 6 8 8 8 9 5 4 8 1 1 1 4 9 9 1 6 6 6 6 5 2 5 7 2 9 10 7 8 4 4 8 4 2 5 4 5 8 6 6 4 4 5 9 4 9 9 1 9 3 9 6 1 10 6 8 4 8 5 4 4 9 1 3 8 3 5 7 6 2 8 5 5 9 4 6 6 5 5 2 5 5 8 10 9 5 4 8 9 1 10 9 4 3 10 6 2 8 1 4 6 9 10 8 10 1 8 3 8 4 2 6 8 10 9 7 5 2 7 5 8 1 7 4 5 10 4 8 1 4 8 1 6 1 3 10 10 2 5 5 9 5 2 7 10 8 4 8 2 4 9 8 4 3 8 10 6 6 9 6 6 2 2 7 10 6 8 8 2 5 8 5 6 3 9 1 9 7 8 6 10 6 2 8 2 5 3 5 3 6 10 2 1 6 3 9 6 1 1 2 1 4 9 7 6 8 5 9 5 10 5 9 9 6 4 5 1 7 7 2 1 1 5 2 9 6 10 6 3 6 1 10 6 1 6 9 3 3 9 5 2 8 10 9 7 8 3 9 3 4 5 8 6 5 2 7 3 10 6 5 1 7 5 1 1 9 5 1 1 4 4 10 10 2 6 5 5 8 6 5 9 1 10 9 5 6 3 5 9 8 9 8 5 3 5 4 1 8 2 3 4 1 2 7 3 4 1 8 6 1 5 6 10 10 3 3 2 4 3 4 4 3 6 3 6 5 6 10 3 9 6 6 4 9 8 6 1 8 9 7 10 6 2 5 8 3 9 5 8 8 3 8 6 10 9 4 6 4 6 2 9 10 10 7 2 9 4 5 6 9 4 8 3 7 6 3 8 1 4 4 8 6 9 6 1 3 4 5 3 4 10 3 1 3 3 7 3 8 6 9 1 4 6 2 6 8 7 9 4 10 1 10 6 8 6 8 10 10 3 8 4 7 8 5 2 4 5 5 3 4 2 3 2 10 10 10 3 3 4 4 1 6 3 3 1 4 8 6 4 10 5 6 9 1 9 5 1 8 6 3 2 2 9 2 10 6 5 9 2 5 3 8 7 3 6 6 8 1 8 4 5 3 10 5 9 6 4 10 1 4 7 5 6 2 7 4 3 6 3 1 3 9 8 10 4 10 3 3 5 6 5 6 6 10 8 10 10 9 4 8 10 5 8 8 3 1 3 6 1 1 1 4 7 2 4 6 1 10 6 1 8 3 10 5 10 1 10 8 5 6 7 1 10 8 10 9 2 2 6 4 7 10 8 9 6 10 4 8 1 2 4 7 4 2 10 8 9 3 9 4 3 7 4 9 3 6 6 1 8 8 6 10 9 6 8 2 5 5 10 9 6 1 6 7 2 4 3 9 5 3 3 10 4 6 5 8 4 1 9 3 3 1 3 9 6 4 8 6 6 9 6 6 1 4 8 7 9 4 8 5 4 1 8 3 8 10 6 1 4 7 6 8 8 6 4 2 3 5 9 8 2 6 6 2 4 8 5 6 8 5 8 4 1 9 8 9 10 8 2 9 6 8 3 8 9 6 5 1 9 9 6 10 2 4 2 8 7 6 5 8 3 1 9 10 10 10 9 5 6 6 3 6 6 2 8 9 2 10 3 2 3 6 4 10 10 6 5 8 10 6 1 1 4 5 5 4 10 8 6 9 10 10 10 3 10 4 4 2 8 7 7 3 6 8 1 9 3 7 9 2 8 6 1 4 4 10 5 9 4 10 1 4 1 4 7 10 2 3 2 6 10 1 9 5 4 1 3 6 6 3 10 4 5 9 10 8 4 6 5 9 7 5 9 7 1 5 1 3 5 6 9 10 7 9 5 8 8 3 9 5 2 2 1 6 8 2 4 8 3 5 3 3 5 10 1 9 5 5 6 5 9 6 10 2 4 2 9 3 8 4 5 7 4 4 6 2 5 6 10 10 4 5 4 8 5 2 6 10 5 1 9 6 10 8 9 1 3 8 8 8 6 6 9 4 10 2 3 4 10 8 3 8 6 6 6 3 10 1 3 2 2 4 6 1 9 8 4 5 2 6 5 8 10 2 6 1 10 1 3 1 4 10 4 6 8 8 9 1 8 5 7 4 5 9 2 10 7 5 10 9 8 8 4 10 6 10 6 8 3 6 6 1 9 10 1 6 3 8 1 8 10 6 6 10 8 1 10 1 5 5 2 5 6 9 5 8 6 3 6 6 4 2 5 8 5 2 1 9 10 10 1 4 6 1 4 10 7 9 5 5 1 2 6 4 3 6 10 8 7 6 3 3 7 10 9 1 10 1 10 10 8 10 1 6 2 6 5 6 6 9 5 4 6 1 5 9 10 3 9 3 7 8 1 3 8 2 8 9 6 2 1 1 10 10 2 4 2 4 4 8 3 6 6 4 1 4 1 4 6 9 8 7 10 4 8 8 3 3 6 2 1 5 5 1 1 8 6 6 9 1 9 6 2 8 9 9 10 4 3 2 7 4 1 3 1 6 8 1 4 9 10 6 8 6 6 3 5 6 8 7 1 5 5 5 1 10 7 2 9 2 9 4 1 9 9 6 2 1 1 3 4 9 9 6 2 7 2 6 4 2 6 1 1 1 2 10 6 8 3 3 7 3 1 10 6 7 1 1 6 2 5 5 7 4 7 6 10 1 10 5 5 9 6 8 4 9 4 8 4 5 4 2 1 8 6 2 1 3 8 5 6 2 1 5 1 8 10 5 4 10 3 1 4 9 6 9 10 2 3 8 9 1 7 9 8 3 1 4 6 8 8 6 6 8 4 6 4 4 8 1 5 8 4 7 9 7 6 6 5 10 8 3 6 7 5 10 3 10 10 10 2 4 4 9 10 5 4 4 6 8 10 5 9 7 2 2 6 8 6 5 7 8 6 3 5 6 8 4 9 8 8 1 2 10 5 6 6 9 3 6 8 6 1 5 3 3 10 9 3 9 10 8 5 10 8 8 1 3 8 7 10 3 5 3 10 5 1 1 9 7 1 9 10 6 1 1 1 10 2 2 1 6 8 8 10 6 5 1 10 10 4 3 5 8 2 8 4 1 6 1 7 10 4 4 10 9 9 8 9 6 7 7 5 9 8 6 1 2 8 5 1 5 8 6 8 2 5 5 4 9 1 2 4 10 2 7 9 7 2 6 7 5 8 3 1 8 10 2 6 4 1 6 6 6 5 4 9 8 6 5 4 6 10 5 8 7 5 1 10 3 9 1 3 9 3 3 6 9 6 9 6 1 6 6 5 5 4 6 10 6 4 9 10 5 6 5 6 8 4 4 3 1 6 8 2 2 5 1 7 3 4 9 6 3 4 3 1 4 8 3 4 2 1 8 2 3 2 6 9 2 8 1 8 6 10 5 10 9 10 9 1 4 2 4 4 7 3 6 6 2 8 5 3 1 6 9 2 1 8 3 8 10 6 2 8 9 8 1 6 9 6 2 8 6 5 3 3 9 6 1 8 9 2 4 6 8 9 9 1 7 6 7 8 3 7 4 4 3 6 3 2 10 3 10 7 3 10 4 7 10 3 2 9 2 2 4 4 3 3 10 7 6 1 6 9 4 7 1 8 2 9 10 10 3 3 3 7 5 2 6 1 8 5 6 7 6 1 5 2 9 3 5 8 3 2 1 1 2 6 4 2 10 8 5 6 4 9 8 5 9 5 5 3 1 6 10 8 1 6 5 2 6 6 8 6 4 3 1 4 4 6 4 8 5 9 2 4 6 9 1 1 7 5 9 9 4 5 8 1 9 10 6 9 8 3,1000 997 1000 1000 999 1000 1000 999 1000 1000,1000 997 1000 1000 999 1000 1000 999 1000 1000,194.86424830000036,0.0292834086446045,0.0496336589854984,0.0513094906894461,-0.1330115685173424
